18.25394	42.63393	-100
18.25393	42.63402	-100
18.25388	42.63416	-100
18.25387	42.63422	-100
18.25383	42.63440	-100
18.25379	42.63452	-100
18.25377	42.63456	-100
18.25377	42.63459	-100
18.25376	42.63455	-100
18.25375	42.63440	-100
18.25373	42.63410	-100
18.25370	42.63381	-100
18.25367	42.63350	-100
18.25365	42.63324	-100
18.25364	42.63296	-100
18.25364	42.63279	-100
18.25365	42.63271	-100
18.25370	42.63262	-100
18.25383	42.63273	-100
18.25386	42.63278	-100
18.25390	42.63323	-100
18.25394	42.63393	-100
18.25394	42.63410	-100
18.25395	42.63405	-100
18.25395	42.63403	-100
18.25396	42.63402	-100
18.25397	42.63411	-100
18.25398	42.63424	-100
18.25403	42.63461	-100
18.25403	42.63502	-100
18.25406	42.63582	-100
18.25407	42.63618	-100
18.25408	42.63634	-100
18.25408	42.63638	-100
18.25407	42.63672	-100
18.25403	42.63742	-100
18.25400	42.63821	-100
18.25397	42.63864	-100
18.25393	42.63911	-100
18.25390	42.63934	-100
18.25389	42.63974	-100
18.25387	42.64051	-100
18.25386	42.64128	-100
18.25382	42.64159	-100
18.25378	42.64189	-100
18.25374	42.64218	-100
18.25371	42.64225	-100
18.25370	42.64226	-100
18.25369	42.64206	-100
18.25366	42.64168	-100
18.25359	42.64126	-100
18.25354	42.64113	-100
18.25352	42.64108	-100
18.25346	42.64115	-100
18.25345	42.64129	-100
18.25348	42.64178	-100
18.25357	42.64249	-100
18.25358	42.64277	-100
18.25362	42.64280	-100
18.25370	42.64286	-100
18.25370	42.64287	-100
18.25371	42.64294	-100
18.25371	42.64310	-100
18.25373	42.64325	-100
18.25375	42.64343	-100
18.25379	42.64372	-100
18.25382	42.64382	-100
18.25385	42.64378	-100
18.25388	42.64373	-100
18.25389	42.64360	-100
18.25391	42.64321	-100
18.25391	42.64279	-100
18.25392	42.64239	-100
18.25394	42.64201	-100
18.25395	42.64177	-100
18.25398	42.64157	-100
18.25397	42.64157	-100
18.25398	42.64149	-100
18.25400	42.64136	-100
18.25401	42.64130	-100
18.25401	42.64129	-100
18.25401	42.64129	-100
18.25402	42.64133	-100
18.25403	42.64144	-100
18.25403	42.64155	-100
18.25404	42.64160	-100
18.25404	42.64168	-100
18.25406	42.64182	-100
18.25406	42.64196	-100
18.25406	42.64209	-100
18.25405	42.64219	-100
18.25405	42.64242	-100
18.25405	42.64246	-100
18.25405	42.64259	-100
18.25406	42.64270	-100
18.25407	42.64286	-100
18.25409	42.64332	-100
18.25410	42.64364	-100
18.25413	42.64397	-100
18.25415	42.64423	-100
18.25417	42.64445	-100
18.25417	42.64455	-100
18.25418	42.64478	-100
18.25419	42.64490	-100
18.25418	42.64500	-100
18.25416	42.64519	-100
18.25415	42.64540	-100
18.25413	42.64548	-100
18.25409	42.64552	-100
18.25407	42.64551	-100
18.25403	42.64536	-100
18.25401	42.64531	-100
18.25398	42.64527	-100
18.25396	42.64525	-100
18.25395	42.64524	-100
18.25393	42.64536	-100
18.25392	42.64545	-100
18.25389	42.64566	-100
18.25385	42.64598	-100
18.25382	42.64631	-100
18.25378	42.64696	-100
18.25374	42.64737	-100
18.25371	42.64772	-100
18.25368	42.64776	-100
18.25365	42.64772	-100
18.25365	42.64768	-100
18.25364	42.64758	-100
18.25364	42.64733	-100
18.25364	42.64709	-100
18.25364	42.64697	-100
18.25365	42.64675	-100
18.25366	42.64634	-100
18.25369	42.64557	-100
18.25370	42.64521	-100
18.25370	42.64467	-100
18.25369	42.64400	-100
18.25368	42.64360	-100
18.25364	42.64331	-100
18.25361	42.64321	-100
18.25357	42.64322	-100
18.25351	42.64359	-100
18.25345	42.64404	-100
18.25342	42.64433	-100
18.25338	42.64503	-100
18.25334	42.64586	-100
18.25333	42.64617	-100
18.25329	42.64652	-100
18.25322	42.64715	-100
18.25316	42.64755	-100
18.25310	42.64765	-100
18.25306	42.64758	-100
18.25302	42.64749	-100
18.25297	42.64739	-100
18.25295	42.64734	-100
18.25292	42.64720	-100
18.25291	42.64718	-100
18.25288	42.64718	-100
18.25282	42.64722	-100
18.25277	42.64743	-100
18.25274	42.64777	-100
18.25271	42.64787	-100
18.25264	42.64794	-100
18.25258	42.64789	-100
18.25254	42.64778	-100
18.25252	42.64759	-100
18.25250	42.64740	-100
18.25249	42.64703	-100
18.25249	42.64673	-100
18.25249	42.64634	-100
18.25249	42.64563	-100
18.25247	42.64495	-100
18.25246	42.64458	-100
18.25244	42.64431	-100
18.25242	42.64400	-100
18.25241	42.64375	-100
18.25240	42.64369	-100
18.25241	42.64363	-100
18.25243	42.64354	-100
18.25245	42.64339	-100
18.25247	42.64330	-100
18.25250	42.64334	-100
18.25253	42.64336	-100
18.25255	42.64336	-100
18.25257	42.64326	-100
18.25259	42.64322	-100
18.25262	42.64287	-100
18.25266	42.64262	-100
18.25269	42.64245	-100
18.25272	42.64238	-100
18.25277	42.64277	-100
18.25283	42.64323	-100
18.25289	42.64340	-100
18.25292	42.64335	-100
18.25297	42.64316	-100
18.25302	42.64277	-100
18.25309	42.64231	-100
18.25314	42.64191	-100
18.25320	42.64151	-100
18.25324	42.64127	-100
18.25325	42.64094	-100
18.25326	42.64074	-100
18.25326	42.64055	-100
18.25326	42.64028	-100
18.25326	42.64004	-100
18.25325	42.63989	-100
18.25324	42.63972	-100
18.25323	42.63941	-100
18.25321	42.63919	-100
18.25319	42.63898	-100
18.25317	42.63888	-100
18.25318	42.63879	-100
18.25320	42.63856	-100
18.25320	42.63841	-100
18.25321	42.63837	-100
18.25324	42.63841	-100
18.25328	42.63849	-100
18.25333	42.63849	-100
18.25335	42.63847	-100
18.25339	42.63829	-100
18.25343	42.63814	-100
18.25344	42.63804	-100
18.25346	42.63800	-100
18.25350	42.63800	-100
18.25353	42.63807	-100
18.25360	42.63801	-100
18.25364	42.63788	-100
18.25366	42.63776	-100
18.25369	42.63749	-100
18.25370	42.63724	-100
18.25373	42.63665	-100
18.25375	42.63627	-100
18.25376	42.63593	-100
18.25378	42.63578	-100
18.25380	42.63566	-100
18.25382	42.63549	-100
18.25384	42.63541	-100
18.25389	42.63540	-100
18.25390	42.63535	-100
18.25391	42.63517	-100
18.25392	42.63500	-100
18.25392	42.63477	-100
18.25392	42.63468	-100
18.25393	42.63447	-100
18.25394	42.63418	-100
18.25394	42.63410	-100
18.25403	42.64114	-100
18.25402	42.64118	-100
18.25402	42.64120	-100
18.25402	42.64124	-100
18.25402	42.64129	-100
18.25402	42.64132	-100
18.25404	42.64139	-100
18.25406	42.64152	-100
18.25407	42.64159	-100
18.25407	42.64159	-100
18.25408	42.64154	-100
18.25409	42.64146	-100
18.25409	42.64139	-100
18.25409	42.64134	-100
18.25410	42.64128	-100
18.25410	42.64122	-100
18.25409	42.64115	-100
18.25409	42.64107	-100
18.25409	42.64099	-100
18.25408	42.64089	-100
18.25408	42.64084	-100
18.25407	42.64079	-100
18.25407	42.64077	-100
18.25406	42.64080	-100
18.25406	42.64086	-100
18.25405	42.64095	-100
18.25404	42.64103	-100
18.25404	42.64105	-100
18.25403	42.64114	-100
18.25408	42.64061	-100
18.25410	42.64074	-100
18.25412	42.64082	-100
18.25413	42.64090	-100
18.25413	42.64093	-100
18.25414	42.64094	-100
18.25422	42.64096	-100
18.25429	42.64122	-100
18.25436	42.64168	-100
18.25440	42.64207	-100
18.25450	42.64280	-100
18.25455	42.64336	-100
18.25456	42.64375	-100
18.25458	42.64437	-100
18.25460	42.64514	-100
18.25463	42.64579	-100
18.25468	42.64647	-100
18.25473	42.64691	-100
18.25479	42.64724	-100
18.25487	42.64758	-100
18.25494	42.64779	-100
18.25497	42.64805	-100
18.25501	42.64826	-100
18.25506	42.64838	-100
18.25510	42.64842	-100
18.25513	42.64840	-100
18.25517	42.64826	-100
18.25522	42.64804	-100
18.25526	42.64769	-100
18.25527	42.64739	-100
18.25530	42.64707	-100
18.25534	42.64658	-100
18.25537	42.64602	-100
18.25535	42.64484	-100
18.25530	42.64457	-100
18.25525	42.64428	-100
18.25519	42.64386	-100
18.25517	42.64357	-100
18.25513	42.64310	-100
18.25510	42.64275	-100
18.25509	42.64254	-100
18.25508	42.64246	-100
18.25508	42.64202	-100
18.25509	42.64182	-100
18.25510	42.64158	-100
18.25514	42.64121	-100
18.25517	42.64098	-100
18.25520	42.64081	-100
18.25523	42.64075	-100
18.25526	42.64060	-100
18.25528	42.64042	-100
18.25531	42.64024	-100
18.25531	42.64017	-100
18.25534	42.64008	-100
18.25538	42.63999	-100
18.25544	42.63999	-100
18.25545	42.64001	-100
18.25549	42.63998	-100
18.25552	42.63998	-100
18.25556	42.63999	-100
18.25558	42.64000	-100
18.25561	42.64007	-100
18.25565	42.64014	-100
18.25567	42.64020	-100
18.25569	42.64023	-100
18.25569	42.63919	-100
18.25569	42.63867	-100
18.25569	42.63821	-100
18.25569	42.63649	-100
18.25567	42.63645	-100
18.25565	42.63648	-100
18.25561	42.63651	-100
18.25558	42.63667	-100
18.25555	42.63683	-100
18.25552	42.63707	-100
18.25550	42.63724	-100
18.25546	42.63731	-100
18.25541	42.63732	-100
18.25537	42.63706	-100
18.25536	42.63687	-100
18.25533	42.63654	-100
18.25533	42.63643	-100
18.25533	42.63595	-100
18.25533	42.63564	-100
18.25533	42.63533	-100
18.25535	42.63483	-100
18.25538	42.63454	-100
18.25542	42.63427	-100
18.25546	42.63411	-100
18.25551	42.63399	-100
18.25557	42.63405	-100
18.25561	42.63409	-100
18.25562	42.63408	-100
18.25565	42.63367	-100
18.25565	42.63338	-100
18.25564	42.63321	-100
18.25562	42.63314	-100
18.25558	42.63329	-100
18.25553	42.63346	-100
18.25549	42.63346	-100
18.25547	42.63328	-100
18.25543	42.63324	-100
18.25539	42.63312	-100
18.25535	42.63296	-100
18.25531	42.63271	-100
18.25527	42.63229	-100
18.25526	42.63201	-100
18.25525	42.63168	-100
18.25524	42.63128	-100
18.25524	42.63084	-100
18.25526	42.63057	-100
18.25526	42.63035	-100
18.25530	42.62986	-100
18.25533	42.62958	-100
18.25536	42.62927	-100
18.25539	42.62907	-100
18.25538	42.62878	-100
18.25538	42.62859	-100
18.25538	42.62839	-100
18.25537	42.62827	-100
18.25536	42.62826	-100
18.25533	42.62843	-100
18.25527	42.62884	-100
18.25525	42.62897	-100
18.25523	42.62914	-100
18.25519	42.62935	-100
18.25517	42.62944	-100
18.25516	42.62952	-100
18.25515	42.62959	-100
18.25514	42.62966	-100
18.25512	42.62978	-100
18.25511	42.63018	-100
18.25510	42.63029	-100
18.25508	42.63066	-100
18.25506	42.63085	-100
18.25506	42.63099	-100
18.25503	42.63116	-100
18.25501	42.63130	-100
18.25498	42.63158	-100
18.25495	42.63194	-100
18.25492	42.63242	-100
18.25484	42.63320	-100
18.25478	42.63382	-100
18.25475	42.63407	-100
18.25466	42.63449	-100
18.25462	42.63516	-100
18.25454	42.63565	-100
18.25450	42.63628	-100
18.25449	42.63643	-100
18.25447	42.63677	-100
18.25446	42.63696	-100
18.25446	42.63716	-100
18.25446	42.63733	-100
18.25447	42.63761	-100
18.25449	42.63809	-100
18.25451	42.63826	-100
18.25450	42.63866	-100
18.25450	42.63880	-100
18.25449	42.63897	-100
18.25449	42.63913	-100
18.25447	42.63944	-100
18.25445	42.63960	-100
18.25442	42.63976	-100
18.25439	42.63988	-100
18.25438	42.63988	-100
18.25433	42.63990	-100
18.25431	42.63986	-100
18.25429	42.63976	-100
18.25427	42.63964	-100
18.25425	42.63952	-100
18.25424	42.63944	-100
18.25423	42.63937	-100
18.25422	42.63931	-100
18.25421	42.63920	-100
18.25420	42.63914	-100
18.25420	42.63910	-100
18.25419	42.63917	-100
18.25418	42.63921	-100
18.25415	42.63940	-100
18.25414	42.63953	-100
18.25413	42.63977	-100
18.25411	42.64010	-100
18.25410	42.64032	-100
18.25410	42.64041	-100
18.25409	42.64045	-100
18.25408	42.64055	-100
18.25408	42.64061	-100
18.25503	42.63768	-100
18.25505	42.63793	-100
18.25506	42.63807	-100
18.25507	42.63806	-100
18.25510	42.63782	-100
18.25513	42.63760	-100
18.25515	42.63718	-100
18.25518	42.63652	-100
18.25519	42.63634	-100
18.25516	42.63604	-100
18.25513	42.63581	-100
18.25511	42.63593	-100
18.25507	42.63635	-100
18.25504	42.63681	-100
18.25503	42.63707	-100
18.25503	42.63741	-100
18.25503	42.63768	-100
18.25569	42.63303	-100
18.25567	42.63293	-100
18.25566	42.63283	-100
18.25566	42.63272	-100
18.25566	42.63259	-100
18.25566	42.63243	-100
18.25567	42.63218	-100
18.25567	42.63197	-100
18.25567	42.63188	-100
18.25568	42.63175	-100
18.25569	42.63165	-100
18.25569	42.63161	-100
18.25569	42.62681	-100
18.25568	42.62679	-100
18.25567	42.62674	-100
18.25567	42.62672	-100
18.25566	42.62668	-100
18.25566	42.62660	-100
18.25566	42.62652	-100
18.25567	42.62606	-100
18.25567	42.62572	-100
18.25566	42.62553	-100
18.25566	42.62539	-100
18.25566	42.62517	-100
18.25565	42.62494	-100
18.25565	42.62484	-100
18.25566	42.62471	-100
18.25567	42.62448	-100
18.25568	42.62441	-100
18.25568	42.62440	-100
18.25569	42.62440	-100
18.25228	42.64199	-100
18.25225	42.64176	-100
18.25224	42.64162	-100
18.25221	42.64138	-100
18.25220	42.64123	-100
18.25218	42.64087	-100
18.25217	42.64065	-100
18.25218	42.64028	-100
18.25218	42.64011	-100
18.25224	42.63951	-100
18.25228	42.63918	-100
18.25233	42.63889	-100
18.25234	42.63880	-100
18.25235	42.63900	-100
18.25236	42.63915	-100
18.25237	42.63939	-100
18.25238	42.63970	-100
18.25237	42.64026	-100
18.25236	42.64049	-100
18.25235	42.64080	-100
18.25235	42.64099	-100
18.25234	42.64116	-100
18.25234	42.64131	-100
18.25231	42.64159	-100
18.25230	42.64175	-100
18.25229	42.64185	-100
18.25228	42.64197	-100
18.25228	42.64200	-100
18.25228	42.64199	-100
18.25546	42.63286	-25
18.25543	42.63284	-25
18.25538	42.63248	-25
18.25533	42.63201	-25
18.25533	42.63144	-25
18.25536	42.63077	-25
18.25542	42.63038	-25
18.25548	42.63034	-25
18.25551	42.63049	-25
18.25555	42.63099	-25
18.25557	42.63150	-25
18.25557	42.63205	-25
18.25556	42.63253	-25
18.25554	42.63272	-25
18.25549	42.63290	-25
18.25546	42.63286	-25
18.25542	42.63670	-25
18.25544	42.63680	-25
18.25549	42.63670	-25
18.25555	42.63630	-25
18.25560	42.63588	-25
18.25561	42.63552	-25
18.25559	42.63504	-25
18.25554	42.63476	-25
18.25549	42.63468	-25
18.25542	42.63490	-25
18.25541	42.63520	-25
18.25540	42.63563	-25
18.25539	42.63616	-25
18.25539	42.63643	-25
18.25541	42.63661	-25
18.25542	42.63670	-25
18.25569	42.64071	-25
18.25566	42.64063	-25
18.25559	42.64044	-25
18.25544	42.64046	-25
18.25534	42.64062	-25
18.25529	42.64084	-25
18.25525	42.64110	-25
18.25521	42.64129	-25
18.25519	42.64135	-25
18.25516	42.64165	-25
18.25513	42.64190	-25
18.25513	42.64237	-25
18.25514	42.64277	-25
18.25515	42.64309	-25
18.25519	42.64348	-25
18.25522	42.64383	-25
18.25524	42.64404	-25
18.25527	42.64412	-25
18.25529	42.64419	-25
18.25537	42.64425	-25
18.25539	42.64428	-25
18.25541	42.64448	-25
18.25543	42.64480	-25
18.25544	42.64527	-25
18.25545	42.64577	-25
18.25546	42.64612	-25
18.25545	42.64676	-25
18.25544	42.64709	-25
18.25543	42.64744	-25
18.25543	42.64816	-25
18.25543	42.64837	-25
18.25543	42.64854	-25
18.25543	42.64856	-25
18.25418	42.64247	-25
18.25419	42.64230	-25
18.25425	42.64223	-25
18.25428	42.64235	-25
18.25433	42.64292	-25
18.25435	42.64353	-25
18.25433	42.64369	-25
18.25428	42.64373	-25
18.25425	42.64366	-25
18.25420	42.64337	-25
18.25419	42.64324	-25
18.25418	42.64302	-25
18.25417	42.64278	-25
18.25418	42.64247	-25
18.25413	42.64853	-25
18.25411	42.64787	-25
18.25410	42.64746	-25
18.25410	42.64731	-25
18.25411	42.64714	-25
18.25414	42.64672	-25
18.25420	42.64664	-25
18.25427	42.64677	-25
18.25433	42.64695	-25
18.25438	42.64726	-25
18.25439	42.64742	-25
18.25439	42.64795	-25
18.25439	42.64813	-25
18.25440	42.64856	-25
18.25338	42.64732	-25
18.25341	42.64710	-25
18.25342	42.64681	-25
18.25344	42.64643	-25
18.25344	42.64603	-25
18.25344	42.64571	-25
18.25344	42.64548	-25
18.25344	42.64507	-25
18.25345	42.64484	-25
18.25351	42.64418	-25
18.25357	42.64410	-25
18.25359	42.64413	-25
18.25361	42.64431	-25
18.25365	42.64470	-25
18.25365	42.64496	-25
18.25365	42.64522	-25
18.25363	42.64598	-25
18.25359	42.64678	-25
18.25358	42.64700	-25
18.25352	42.64741	-25
18.25351	42.64748	-25
18.25347	42.64757	-25
18.25345	42.64759	-25
18.25342	42.64759	-25
18.25341	42.64752	-25
18.25339	42.64745	-25
18.25338	42.64732	-25
18.25055	42.64862	-25
18.25058	42.64829	-25
18.25061	42.64813	-25
18.25065	42.64815	-25
18.25070	42.64833	-25
18.25073	42.64849	-25
18.25075	42.64861	-25
18.25111	42.64574	-25
18.25109	42.64558	-25
18.25109	42.64525	-25
18.25110	42.64507	-25
18.25110	42.64498	-25
18.25112	42.64489	-25
18.25115	42.64485	-25
18.25118	42.64489	-25
18.25118	42.64496	-25
18.25118	42.64510	-25
18.25118	42.64534	-25
18.25118	42.64564	-25
18.25118	42.64569	-25
18.25116	42.64575	-25
18.25112	42.64581	-25
18.25111	42.64574	-25
18.25138	42.64863	-25
18.25142	42.64833	-25
18.25145	42.64792	-25
18.25148	42.64744	-25
18.25149	42.64718	-25
18.25149	42.64671	-25
18.25150	42.64628	-25
18.25150	42.64610	-25
18.25152	42.64577	-25
18.25154	42.64562	-25
18.25158	42.64562	-25
18.25160	42.64564	-25
18.25163	42.64557	-25
18.25165	42.64553	-25
18.25167	42.64546	-25
18.25168	42.64535	-25
18.25177	42.64446	-25
18.25184	42.64373	-25
18.25185	42.64313	-25
18.25185	42.64276	-25
18.25184	42.64245	-25
18.25183	42.64225	-25
18.25181	42.64163	-25
18.25180	42.64138	-25
18.25180	42.64121	-25
18.25179	42.64089	-25
18.25180	42.64063	-25
18.25181	42.64055	-25
18.25185	42.64020	-25
18.25190	42.63993	-25
18.25195	42.63962	-25
18.25197	42.63935	-25
18.25201	42.63910	-25
18.25203	42.63895	-25
18.25209	42.63892	-25
18.25214	42.63892	-25
18.25216	42.63892	-25
18.25219	42.63871	-25
18.25222	42.63849	-25
18.25225	42.63830	-25
18.25226	42.63806	-25
18.25227	42.63777	-25
18.25230	42.63743	-25
18.25234	42.63729	-25
18.25238	42.63759	-25
18.25239	42.63808	-25
18.25242	42.63920	-25
18.25243	42.63944	-25
18.25243	42.63979	-25
18.25243	42.64001	-25
18.25240	42.64070	-25
18.25238	42.64115	-25
18.25238	42.64164	-25
18.25238	42.64204	-25
18.25240	42.64225	-25
18.25242	42.64245	-25
18.25244	42.64261	-25
18.25246	42.64266	-25
18.25249	42.64274	-25
18.25250	42.64278	-25
18.25254	42.64279	-25
18.25254	42.64277	-25
18.25257	42.64270	-25
18.25258	42.64267	-25
18.25260	42.64258	-25
18.25261	42.64237	-25
18.25263	42.64215	-25
18.25264	42.64206	-25
18.25265	42.64196	-25
18.25266	42.64187	-25
18.25269	42.64180	-25
18.25272	42.64187	-25
18.25275	42.64198	-25
18.25276	42.64224	-25
18.25281	42.64258	-25
18.25284	42.64290	-25
18.25287	42.64294	-25
18.25290	42.64298	-25
18.25293	42.64291	-25
18.25297	42.64275	-25
18.25303	42.64244	-25
18.25317	42.64148	-25
18.25319	42.64132	-25
18.25321	42.64109	-25
18.25322	42.64085	-25
18.25323	42.64076	-25
18.25324	42.64065	-25
18.25323	42.64030	-25
18.25323	42.64010	-25
18.25323	42.63998	-25
18.25322	42.63985	-25
18.25321	42.63972	-25
18.25319	42.63952	-25
18.25316	42.63935	-25
18.25315	42.63920	-25
18.25313	42.63908	-25
18.25311	42.63898	-25
18.25309	42.63885	-25
18.25308	42.63874	-25
18.25308	42.63862	-25
18.25307	42.63849	-25
18.25307	42.63836	-25
18.25307	42.63827	-25
18.25307	42.63803	-25
18.25308	42.63796	-25
18.25310	42.63784	-25
18.25315	42.63779	-25
18.25317	42.63780	-25
18.25324	42.63783	-25
18.25326	42.63783	-25
18.25328	42.63780	-25
18.25331	42.63767	-25
18.25332	42.63760	-25
18.25333	42.63747	-25
18.25332	42.63711	-25
18.25332	42.63677	-25
18.25332	42.63657	-25
18.25332	42.63631	-25
18.25337	42.63606	-25
18.25340	42.63592	-25
18.25344	42.63590	-25
18.25346	42.63576	-25
18.25351	42.63573	-25
18.25353	42.63573	-25
18.25357	42.63565	-25
18.25359	42.63549	-25
18.25361	42.63526	-25
18.25363	42.63514	-25
18.25363	42.63488	-25
18.25364	42.63442	-25
18.25363	42.63409	-25
18.25361	42.63381	-25
18.25359	42.63357	-25
18.25357	42.63327	-25
18.25357	42.63318	-25
18.25356	42.63306	-25
18.25356	42.63300	-25
18.25356	42.63267	-25
18.25356	42.63228	-25
18.25358	42.63183	-25
18.25358	42.63166	-25
18.25359	42.63159	-25
18.25364	42.63153	-25
18.25367	42.63158	-25
18.25369	42.63165	-25
18.25371	42.63167	-25
18.25373	42.63171	-25
18.25380	42.63173	-25
18.25383	42.63171	-25
18.25386	42.63163	-25
18.25388	42.63158	-25
18.25389	42.63149	-25
18.25391	42.63141	-25
18.25395	42.63122	-25
18.25396	42.63107	-25
18.25398	42.63085	-25
18.25399	42.63074	-25
18.25401	42.63053	-25
18.25402	42.63022	-25
18.25406	42.62996	-25
18.25408	42.62988	-25
18.25409	42.62979	-25
18.25411	42.62964	-25
18.25413	42.62948	-25
18.25416	42.62940	-25
18.25418	42.62939	-25
18.25422	42.62948	-25
18.25427	42.62957	-25
18.25433	42.62953	-25
18.25437	42.62926	-25
18.25438	42.62916	-25
18.25444	42.62881	-25
18.25448	42.62869	-25
18.25456	42.62841	-25
18.25462	42.62783	-25
18.25468	42.62690	-25
18.25469	42.62676	-25
18.25470	42.62648	-25
18.25476	42.62630	-25
18.25495	42.62582	-25
18.25505	42.62538	-25
18.25514	42.62498	-25
18.25518	42.62460	-25
18.25522	42.62426	-25
18.25529	42.62390	-25
18.25539	42.62338	-25
18.25544	42.62321	-25
18.25548	42.62319	-25
18.25550	42.62315	-25
18.25554	42.62293	-25
18.25558	42.62256	-25
18.25560	42.62198	-25
18.25562	42.62139	-25
18.25565	42.62112	-25
18.25567	42.62099	-25
18.25569	42.62085	-25
18.25389	42.62637	-25
18.25388	42.62611	-25
18.25389	42.62582	-25
18.25391	42.62554	-25
18.25395	42.62531	-25
18.25397	42.62526	-25
18.25404	42.62523	-25
18.25410	42.62537	-25
18.25410	42.62554	-25
18.25408	42.62606	-25
18.25404	42.62614	-25
18.25400	42.62616	-25
18.25396	42.62620	-25
18.25393	42.62621	-25
18.25391	42.62632	-25
18.25389	42.62637	-25
18.25278	42.64419	-200
18.25276	42.64423	-200
18.25275	42.64442	-200
18.25274	42.64492	-200
18.25278	42.64547	-200
18.25282	42.64555	-200
18.25294	42.64549	-200
18.25304	42.64533	-200
18.25315	42.64485	-200
18.25323	42.64414	-200
18.25328	42.64380	-200
18.25333	42.64365	-200
18.25337	42.64314	-200
18.25338	42.64302	-200
18.25337	42.64248	-200
18.25334	42.64226	-200
18.25330	42.64198	-200
18.25328	42.64188	-200
18.25326	42.64183	-200
18.25322	42.64182	-200
18.25319	42.64203	-200
18.25314	42.64231	-200
18.25310	42.64275	-200
18.25304	42.64316	-200
18.25301	42.64359	-200
18.25299	42.64400	-200
18.25296	42.64426	-200
18.25287	42.64427	-200
18.25278	42.64419	-200
18.25508	42.64429	-200
18.25510	42.64401	-200
18.25513	42.64381	-200
18.25515	42.64409	-200
18.25518	42.64446	-200
18.25520	42.64480	-200
18.25520	42.64500	-200
18.25519	42.64558	-200
18.25517	42.64563	-200
18.25512	42.64563	-200
18.25511	42.64551	-200
18.25510	42.64541	-200
18.25509	42.64511	-200
18.25508	42.64496	-200
18.25508	42.64483	-200
18.25508	42.64445	-200
18.25508	42.64429	-200
18.25540	42.63203	50
18.25543	42.63228	50
18.25548	42.63232	50
18.25551	42.63215	50
18.25550	42.63174	50
18.25550	42.63146	50
18.25548	42.63144	50
18.25547	42.63127	50
18.25544	42.63105	50
18.25542	42.63119	50
18.25540	42.63144	50
18.25540	42.63183	50
18.25541	42.63205	50
18.25548	42.63559	50
18.25544	42.63571	50
18.25545	42.63587	50
18.25549	42.63599	50
18.25550	42.63579	50
18.25550	42.63563	50
18.25549	42.63559	50
18.25548	42.63559	50
18.25569	42.64293	50
18.25568	42.64301	50
18.25567	42.64337	50
18.25567	42.64421	50
18.25564	42.64509	50
18.25561	42.64549	50
18.25556	42.64560	50
18.25555	42.64545	50
18.25552	42.64484	50
18.25551	42.64457	50
18.25547	42.64423	50
18.25542	42.64402	50
18.25539	42.64395	50
18.25530	42.64396	50
18.25526	42.64388	50
18.25522	42.64359	50
18.25520	42.64332	50
18.25517	42.64296	50
18.25515	42.64261	50
18.25515	42.64244	50
18.25516	42.64211	50
18.25517	42.64186	50
18.25517	42.64175	50
18.25520	42.64157	50
18.25528	42.64123	50
18.25533	42.64103	50
18.25537	42.64092	50
18.25553	42.64090	50
18.25562	42.64088	50
18.25564	42.64096	50
18.25567	42.64103	50
18.25569	42.64122	50
18.25349	42.64561	50
18.25352	42.64611	50
18.25355	42.64616	50
18.25358	42.64604	50
18.25361	42.64556	50
18.25360	42.64532	50
18.25359	42.64484	50
18.25358	42.64472	50
18.25352	42.64475	50
18.25350	42.64491	50
18.25350	42.64537	50
18.25349	42.64561	50
18.25210	42.63753	50
18.25212	42.63772	50
18.25215	42.63784	50
18.25218	42.63755	50
18.25219	42.63708	50
18.25216	42.63659	50
18.25212	42.63663	50
18.25209	42.63690	50
18.25209	42.63727	50
18.25210	42.63753	50
18.25569	42.61938	50
18.25567	42.61947	50
18.25561	42.61997	50
18.25547	42.62148	50
18.25545	42.62174	50
18.25540	42.62214	50
18.25539	42.62229	50
18.25536	42.62240	50
18.25532	42.62256	50
18.25526	42.62274	50
18.25523	42.62294	50
18.25520	42.62308	50
18.25518	42.62319	50
18.25511	42.62337	50
18.25507	42.62355	50
18.25500	42.62376	50
18.25498	42.62375	50
18.25494	42.62365	50
18.25491	42.62343	50
18.25486	42.62309	50
18.25485	42.62289	50
18.25481	42.62262	50
18.25477	42.62242	50
18.25475	42.62232	50
18.25472	42.62208	50
18.25470	42.62176	50
18.25468	42.62125	50
18.25468	42.62082	50
18.25469	42.62005	50
18.25471	42.61964	50
18.25472	42.61933	50
18.25472	42.61907	50
18.25471	42.61890	50
18.25470	42.61870	50
18.25469	42.61874	50
18.25467	42.61895	50
18.25466	42.61909	50
18.25464	42.61924	50
18.25460	42.61944	50
18.25459	42.61957	50
18.25456	42.61960	50
18.25445	42.61963	50
18.25441	42.61976	50
18.25438	42.61994	50
18.25438	42.62004	50
18.25439	42.62017	50
18.25442	42.62062	50
18.25443	42.62093	50
18.25444	42.62153	50
18.25445	42.62176	50
18.25447	42.62191	50
18.25449	42.62204	50
18.25453	42.62247	50
18.25454	42.62282	50
18.25454	42.62299	50
18.25454	42.62325	50
18.25453	42.62356	50
18.25452	42.62376	50
18.25451	42.62393	50
18.25447	42.62415	50
18.25445	42.62421	50
18.25444	42.62421	50
18.25442	42.62412	50
18.25438	42.62395	50
18.25436	42.62367	50
18.25435	42.62343	50
18.25434	42.62308	50
18.25433	42.62280	50
18.25429	42.62237	50
18.25427	42.62188	50
18.25427	42.62161	50
18.25427	42.62106	50
18.25424	42.62073	50
18.25419	42.62027	50
18.25413	42.61988	50
18.25409	42.61962	50
18.25407	42.61962	50
18.25406	42.61977	50
18.25405	42.62009	50
18.25406	42.62044	50
18.25407	42.62151	50
18.25409	42.62250	50
18.25409	42.62308	50
18.25408	42.62321	50
18.25407	42.62330	50
18.25400	42.62341	50
18.25396	42.62344	50
18.25389	42.62372	50
18.25385	42.62409	50
18.25382	42.62440	50
18.25381	42.62482	50
18.25381	42.62525	50
18.25379	42.62565	50
18.25376	42.62618	50
18.25372	42.62659	50
18.25371	42.62681	50
18.25365	42.62702	50
18.25362	42.62696	50
18.25357	42.62697	50
18.25352	42.62711	50
18.25350	42.62726	50
18.25349	42.62739	50
18.25349	42.62800	50
18.25351	42.62824	50
18.25352	42.62859	50
18.25353	42.62880	50
18.25353	42.62916	50
18.25353	42.62980	50
18.25352	42.62994	50
18.25350	42.63031	50
18.25349	42.63051	50
18.25348	42.63072	50
18.25348	42.63085	50
18.25348	42.63115	50
18.25350	42.63145	50
18.25351	42.63219	50
18.25351	42.63254	50
18.25351	42.63300	50
18.25353	42.63341	50
18.25356	42.63394	50
18.25358	42.63425	50
18.25359	42.63455	50
18.25359	42.63470	50
18.25357	42.63492	50
18.25354	42.63520	50
18.25352	42.63534	50
18.25349	42.63542	50
18.25345	42.63550	50
18.25340	42.63556	50
18.25334	42.63560	50
18.25332	42.63551	50
18.25330	42.63540	50
18.25327	42.63530	50
18.25327	42.63544	50
18.25325	42.63569	50
18.25325	42.63579	50
18.25325	42.63607	50
18.25326	42.63671	50
18.25325	42.63694	50
18.25324	42.63704	50
18.25320	42.63730	50
18.25316	42.63740	50
18.25312	42.63740	50
18.25309	42.63741	50
18.25306	42.63755	50
18.25303	42.63781	50
18.25302	42.63812	50
18.25302	42.63862	50
18.25304	42.63887	50
18.25305	42.63898	50
18.25310	42.63932	50
18.25314	42.63950	50
18.25319	42.63989	50
18.25321	42.64006	50
18.25321	42.64038	50
18.25321	42.64070	50
18.25319	42.64092	50
18.25317	42.64126	50
18.25314	42.64149	50
18.25311	42.64177	50
18.25308	42.64200	50
18.25305	42.64210	50
18.25302	42.64220	50
18.25298	42.64240	50
18.25294	42.64256	50
18.25291	42.64259	50
18.25288	42.64252	50
18.25286	42.64244	50
18.25281	42.64212	50
18.25276	42.64172	50
18.25273	42.64130	50
18.25272	42.64109	50
18.25269	42.64092	50
18.25268	42.64076	50
18.25267	42.64062	50
18.25267	42.64058	50
18.25268	42.64055	50
18.25268	42.64049	50
18.25270	42.64033	50
18.25272	42.64003	50
18.25274	42.63970	50
18.25275	42.63918	50
18.25275	42.63877	50
18.25273	42.63819	50
18.25270	42.63808	50
18.25267	42.63817	50
18.25265	42.63820	50
18.25262	42.63870	50
18.25261	42.63904	50
18.25262	42.63979	50
18.25263	42.64027	50
18.25264	42.64080	50
18.25264	42.64113	50
18.25261	42.64164	50
18.25260	42.64200	50
18.25255	42.64226	50
18.25253	42.64239	50
18.25250	42.64239	50
18.25246	42.64225	50
18.25243	42.64198	50
18.25242	42.64150	50
18.25242	42.64118	50
18.25243	42.64081	50
18.25246	42.64016	50
18.25247	42.63944	50
18.25246	42.63844	50
18.25246	42.63797	50
18.25247	42.63748	50
18.25248	42.63704	50
18.25247	42.63667	50
18.25244	42.63638	50
18.25239	42.63622	50
18.25234	42.63611	50
18.25229	42.63601	50
18.25227	42.63591	50
18.25224	42.63562	50
18.25220	42.63529	50
18.25218	42.63518	50
18.25215	42.63513	50
18.25211	42.63535	50
18.25209	42.63554	50
18.25207	42.63587	50
18.25204	42.63623	50
18.25200	42.63640	50
18.25197	42.63663	50
18.25197	42.63675	50
18.25195	42.63731	50
18.25193	42.63804	50
18.25192	42.63836	50
18.25190	42.63862	50
18.25187	42.63893	50
18.25184	42.63913	50
18.25181	42.63922	50
18.25178	42.63926	50
18.25172	42.63957	50
18.25166	42.63997	50
18.25160	42.64040	50
18.25158	42.64065	50
18.25153	42.64143	50
18.25154	42.64197	50
18.25156	42.64202	50
18.25160	42.64195	50
18.25166	42.64158	50
18.25168	42.64165	50
18.25172	42.64187	50
18.25174	42.64224	50
18.25175	42.64295	50
18.25174	42.64338	50
18.25171	42.64384	50
18.25165	42.64422	50
18.25161	42.64433	50
18.25158	42.64427	50
18.25152	42.64397	50
18.25145	42.64356	50
18.25136	42.64330	50
18.25120	42.64319	50
18.25106	42.64322	50
18.25092	42.64327	50
18.25086	42.64323	50
18.25082	42.64316	50
18.25077	42.64291	50
18.25067	42.64239	50
18.25061	42.64237	50
18.25060	42.64244	50
18.25058	42.64283	50
18.25054	42.64342	50
18.25048	42.64404	50
18.25043	42.64485	50
18.25033	42.64629	50
18.25027	42.64717	50
18.25024	42.64778	50
18.25021	42.64817	50
18.25017	42.64844	50
18.25014	42.64866	50
18.25016	42.63233	50
18.25014	42.63345	50
18.25013	42.63464	50
18.25015	42.63504	50
18.25016	42.63536	50
18.25019	42.63554	50
18.25024	42.63567	50
18.25031	42.63561	50
18.25037	42.63529	50
18.25041	42.63495	50
18.25046	42.63466	50
18.25053	42.63424	50
18.25056	42.63405	50
18.25062	42.63355	50
18.25069	42.63330	50
18.25078	42.63297	50
18.25080	42.63283	50
18.25081	42.63237	50
18.25083	42.63214	50
18.25084	42.63128	50
18.25084	42.63051	50
18.25085	42.63016	50
18.25086	42.62973	50
18.25087	42.62961	50
18.25092	42.62911	50
18.25097	42.62835	50
18.25098	42.62741	50
18.25096	42.62658	50
18.25092	42.62596	50
18.25086	42.62538	50
18.25081	42.62505	50
18.25076	42.62492	50
18.25070	42.62486	50
18.25064	42.62539	50
18.25057	42.62608	50
18.25052	42.62678	50
18.25047	42.62758	50
18.25042	42.62849	50
18.25036	42.62927	50
18.25029	42.62972	50
18.25026	42.63001	50
18.25024	42.63014	50
18.25023	42.63025	50
18.25020	42.63098	50
18.25018	42.63159	50
18.25016	42.63233	50
18.24956	42.61951	50
18.24957	42.61935	50
18.24960	42.61905	50
18.24965	42.61830	50
18.24969	42.61725	50
18.24976	42.61537	50
18.24985	42.61354	50
18.24988	42.61298	50
18.24992	42.61238	50
18.24994	42.61199	50
18.24998	42.61143	50
18.24999	42.61122	50
18.25000	42.61101	50
18.25000	42.61098	50
18.25250	42.61093	50
18.25249	42.61112	50
18.25247	42.61143	50
18.25247	42.61165	50
18.25247	42.61221	50
18.25250	42.61254	50
18.25251	42.61264	50
18.25253	42.61278	50
18.25256	42.61326	50
18.25258	42.61366	50
18.25258	42.61421	50
18.25258	42.61485	50
18.25258	42.61528	50
18.25257	42.61559	50
18.25257	42.61619	50
18.25257	42.61647	50
18.25258	42.61657	50
18.25259	42.61663	50
18.25259	42.61663	50
18.25263	42.61644	50
18.25265	42.61627	50
18.25267	42.61586	50
18.25269	42.61539	50
18.25271	42.61482	50
18.25276	42.61416	50
18.25281	42.61376	50
18.25285	42.61335	50
18.25288	42.61313	50
18.25291	42.61272	50
18.25295	42.61220	50
18.25296	42.61188	50
18.25296	42.61155	50
18.25297	42.61131	50
18.25297	42.61096	50
18.25297	42.61091	50
18.25163	42.64309	100
18.25163	42.64320	100
18.25165	42.64333	100
18.25166	42.64334	100
18.25168	42.64320	100
18.25168	42.64309	100
18.25168	42.64297	100
18.25168	42.64274	100
18.25168	42.64261	100
18.25167	42.64248	100
18.25167	42.64245	100
18.25166	42.64245	100
18.25165	42.64252	100
18.25164	42.64258	100
18.25164	42.64288	100
18.25163	42.64309	100
18.24993	42.64863	100
18.24994	42.64850	100
18.24995	42.64828	100
18.24997	42.64814	100
18.24998	42.64800	100
18.25000	42.64788	100
18.25003	42.64771	100
18.25009	42.64751	100
18.25013	42.64744	100
18.25014	42.64735	100
18.25017	42.64719	100
18.25020	42.64693	100
18.25024	42.64627	100
18.25025	42.64601	100
18.25033	42.64459	100
18.25036	42.64399	100
18.25039	42.64354	100
18.25041	42.64280	100
18.25043	42.64192	100
18.25044	42.64139	100
18.25045	42.64007	100
18.25046	42.63981	100
18.25047	42.63965	100
18.25049	42.63946	100
18.25056	42.63906	100
18.25060	42.63891	100
18.25065	42.63888	100
18.25068	42.63886	100
18.25071	42.63907	100
18.25075	42.63940	100
18.25078	42.63991	100
18.25080	42.64039	100
18.25081	42.64071	100
18.25082	42.64109	100
18.25084	42.64135	100
18.25085	42.64153	100
18.25088	42.64185	100
18.25092	42.64214	100
18.25095	42.64231	100
18.25098	42.64244	100
18.25101	42.64254	100
18.25103	42.64258	100
18.25107	42.64262	100
18.25113	42.64265	100
18.25119	42.64264	100
18.25121	42.64258	100
18.25130	42.64262	100
18.25136	42.64263	100
18.25140	42.64259	100
18.25142	42.64253	100
18.25144	42.64216	100
18.25149	42.64113	100
18.25153	42.64047	100
18.25158	42.63985	100
18.25164	42.63930	100
18.25177	42.63842	100
18.25185	42.63791	100
18.25186	42.63773	100
18.25187	42.63747	100
18.25191	42.63688	100
18.25194	42.63637	100
18.25202	42.63549	100
18.25206	42.63501	100
18.25210	42.63459	100
18.25211	42.63454	100
18.25216	42.63448	100
18.25221	42.63457	100
18.25228	42.63491	100
18.25231	42.63504	100
18.25238	42.63531	100
18.25243	42.63570	100
18.25251	42.63613	100
18.25255	42.63648	100
18.25258	42.63687	100
18.25259	42.63697	100
18.25265	42.63702	100
18.25270	42.63737	100
18.25277	42.63802	100
18.25278	42.63823	100
18.25279	42.63866	100
18.25278	42.63895	100
18.25277	42.63951	100
18.25275	42.63977	100
18.25274	42.64014	100
18.25273	42.64032	100
18.25273	42.64062	100
18.25273	42.64079	100
18.25274	42.64112	100
18.25275	42.64133	100
18.25278	42.64152	100
18.25282	42.64185	100
18.25286	42.64211	100
18.25289	42.64228	100
18.25292	42.64227	100
18.25293	42.64225	100
18.25297	42.64218	100
18.25303	42.64208	100
18.25306	42.64194	100
18.25309	42.64182	100
18.25311	42.64165	100
18.25315	42.64119	100
18.25318	42.64082	100
18.25319	42.64070	100
18.25319	42.64034	100
18.25319	42.64015	100
18.25318	42.63999	100
18.25315	42.63973	100
18.25310	42.63950	100
18.25305	42.63932	100
18.25302	42.63918	100
18.25300	42.63896	100
18.25299	42.63865	100
18.25299	42.63818	100
18.25301	42.63764	100
18.25306	42.63735	100
18.25311	42.63723	100
18.25316	42.63712	100
18.25318	42.63699	100
18.25319	42.63663	100
18.25320	42.63648	100
18.25320	42.63620	100
18.25316	42.63581	100
18.25312	42.63560	100
18.25308	42.63544	100
18.25303	42.63541	100
18.25294	42.63536	100
18.25290	42.63529	100
18.25289	42.63522	100
18.25288	42.63494	100
18.25288	42.63478	100
18.25288	42.63458	100
18.25293	42.63421	100
18.25297	42.63398	100
18.25304	42.63377	100
18.25309	42.63357	100
18.25313	42.63340	100
18.25316	42.63326	100
18.25323	42.63324	100
18.25329	42.63340	100
18.25332	42.63380	100
18.25333	42.63408	100
18.25332	42.63438	100
18.25331	42.63463	100
18.25332	42.63493	100
18.25334	42.63520	100
18.25337	42.63528	100
18.25342	42.63534	100
18.25346	42.63527	100
18.25350	42.63517	100
18.25353	42.63498	100
18.25355	42.63473	100
18.25356	42.63459	100
18.25354	42.63415	100
18.25352	42.63376	100
18.25350	42.63354	100
18.25349	42.63335	100
18.25349	42.63306	100
18.25348	42.63252	100
18.25348	42.63174	100
18.25347	42.63153	100
18.25346	42.63139	100
18.25345	42.63117	100
18.25343	42.63101	100
18.25343	42.63078	100
18.25344	42.63070	100
18.25345	42.63038	100
18.25347	42.63012	100
18.25349	42.62980	100
18.25350	42.62967	100
18.25350	42.62891	100
18.25349	42.62871	100
18.25348	42.62838	100
18.25345	42.62809	100
18.25343	42.62797	100
18.25343	42.62793	100
18.25342	42.62763	100
18.25342	42.62736	100
18.25342	42.62723	100
18.25345	42.62704	100
18.25347	42.62679	100
18.25349	42.62662	100
18.25351	42.62634	100
18.25352	42.62627	100
18.25354	42.62629	100
18.25358	42.62641	100
18.25361	42.62650	100
18.25364	42.62661	100
18.25367	42.62655	100
18.25369	42.62652	100
18.25372	42.62633	100
18.25374	42.62607	100
18.25375	42.62577	100
18.25377	42.62548	100
18.25377	42.62521	100
18.25378	42.62486	100
18.25379	42.62422	100
18.25381	42.62392	100
18.25382	42.62360	100
18.25387	42.62324	100
18.25393	42.62300	100
18.25396	42.62274	100
18.25400	42.62244	100
18.25400	42.62230	100
18.25402	42.62196	100
18.25401	42.62149	100
18.25401	42.62098	100
18.25401	42.62073	100
18.25400	42.62026	100
18.25401	42.61955	100
18.25401	42.61930	100
18.25407	42.61901	100
18.25409	42.61902	100
18.25411	42.61926	100
18.25416	42.61965	100
18.25421	42.62003	100
18.25426	42.62026	100
18.25430	42.62053	100
18.25431	42.62064	100
18.25430	42.62122	100
18.25430	42.62168	100
18.25432	42.62204	100
18.25435	42.62239	100
18.25438	42.62268	100
18.25439	42.62310	100
18.25441	42.62335	100
18.25442	42.62367	100
18.25445	42.62377	100
18.25447	42.62362	100
18.25450	42.62331	100
18.25451	42.62315	100
18.25451	42.62284	100
18.25448	42.62248	100
18.25443	42.62196	100
18.25441	42.62177	100
18.25442	42.62129	100
18.25440	42.62087	100
18.25435	42.62045	100
18.25433	42.62023	100
18.25432	42.61999	100
18.25435	42.61966	100
18.25439	42.61928	100
18.25446	42.61921	100
18.25453	42.61922	100
18.25456	42.61914	100
18.25458	42.61898	100
18.25460	42.61875	100
18.25461	42.61858	100
18.25461	42.61812	100
18.25461	42.61786	100
18.25462	42.61750	100
18.25463	42.61744	100
18.25468	42.61763	100
18.25473	42.61793	100
18.25476	42.61821	100
18.25479	42.61864	100
18.25481	42.61903	100
18.25482	42.61942	100
18.25480	42.61971	100
18.25478	42.62001	100
18.25476	42.62008	100
18.25474	42.62022	100
18.25471	42.62064	100
18.25471	42.62118	100
18.25472	42.62138	100
18.25474	42.62170	100
18.25475	42.62186	100
18.25477	42.62188	100
18.25480	42.62197	100
18.25486	42.62202	100
18.25488	42.62206	100
18.25493	42.62236	100
18.25498	42.62265	100
18.25500	42.62277	100
18.25508	42.62277	100
18.25513	42.62257	100
18.25517	42.62240	100
18.25520	42.62222	100
18.25531	42.62163	100
18.25535	42.62144	100
18.25543	42.62079	100
18.25547	42.62047	100
18.25555	42.61988	100
18.25557	42.61967	100
18.25566	42.61883	100
18.25569	42.61866	100
18.25450	42.62621	50
18.25452	42.62676	50
18.25446	42.62735	50
18.25442	42.62741	50
18.25439	42.62732	50
18.25438	42.62652	50
18.25439	42.62601	50
18.25444	42.62584	50
18.25448	42.62596	50
18.25450	42.62621	50
18.25014	42.63000	100
18.25011	42.63116	100
18.25009	42.63266	100
18.25005	42.63403	100
18.25001	42.63482	100
18.24998	42.63572	100
18.24999	42.63648	100
18.25005	42.63693	100
18.25020	42.63738	100
18.25029	42.63743	100
18.25038	42.63694	100
18.25045	42.63618	100
18.25049	42.63586	100
18.25060	42.63538	100
18.25068	42.63516	100
18.25084	42.63515	100
18.25088	42.63495	100
18.25103	42.63364	100
18.25113	42.63219	100
18.25118	42.63078	100
18.25122	42.62986	100
18.25124	42.62891	100
18.25123	42.62835	100
18.25123	42.62769	100
18.25123	42.62727	100
18.25124	42.62672	100
18.25128	42.62621	100
18.25130	42.62599	100
18.25134	42.62553	100
18.25136	42.62534	100
18.25140	42.62543	100
18.25146	42.62564	100
18.25151	42.62569	100
18.25155	42.62568	100
18.25159	42.62543	100
18.25163	42.62494	100
18.25163	42.62456	100
18.25163	42.62427	100
18.25161	42.62389	100
18.25159	42.62363	100
18.25155	42.62361	100
18.25148	42.62384	100
18.25145	42.62404	100
18.25135	42.62467	100
18.25132	42.62462	100
18.25126	42.62440	100
18.25121	42.62421	100
18.25115	42.62399	100
18.25110	42.62374	100
18.25104	42.62320	100
18.25099	42.62263	100
18.25095	42.62198	100
18.25093	42.62172	100
18.25092	42.62153	100
18.25088	42.62139	100
18.25087	42.62134	100
18.25086	42.62125	100
18.25078	42.62165	100
18.25072	42.62195	100
18.25069	42.62234	100
18.25061	42.62321	100
18.25056	42.62384	100
18.25052	42.62455	100
18.25047	42.62569	100
18.25040	42.62681	100
18.25036	42.62723	100
18.25029	42.62825	100
18.25025	42.62862	100
18.25021	42.62892	100
18.25018	42.62925	100
18.25016	42.62964	100
18.25015	42.63007	100
18.25014	42.63000	100
18.24956	42.62488	100
18.24958	42.62472	100
18.24965	42.62434	100
18.24975	42.62335	100
18.24986	42.62248	100
18.24991	42.62187	100
18.24996	42.62120	100
18.25000	42.62049	100
18.25001	42.61983	100
18.25000	42.61894	100
18.24999	42.61781	100
18.24998	42.61681	100
18.24999	42.61591	100
18.25001	42.61486	100
18.25004	42.61392	100
18.25007	42.61350	100
18.25013	42.61291	100
18.25018	42.61250	100
18.25022	42.61171	100
18.25024	42.61143	100
18.25033	42.61115	100
18.25038	42.61099	100
18.25236	42.61098	100
18.25233	42.61145	100
18.25231	42.61197	100
18.25230	42.61221	100
18.25222	42.61297	100
18.25219	42.61342	100
18.25214	42.61412	100
18.25207	42.61511	100
18.25203	42.61570	100
18.25197	42.61686	100
18.25194	42.61783	100
18.25192	42.61872	100
18.25190	42.61973	100
18.25190	42.62023	100
18.25191	42.62072	100
18.25197	42.62098	100
18.25202	42.62069	100
18.25212	42.61996	100
18.25220	42.61922	100
18.25230	42.61877	100
18.25241	42.61844	100
18.25255	42.61827	100
18.25263	42.61822	100
18.25270	42.61804	100
18.25273	42.61777	100
18.25281	42.61584	100
18.25285	42.61552	100
18.25296	42.61518	100
18.25305	42.61513	100
18.25314	42.61526	100
18.25320	42.61517	100
18.25324	42.61489	100
18.25327	42.61458	100
18.25326	42.61422	100
18.25322	42.61385	100
18.25315	42.61341	100
18.25314	42.61336	100
18.25314	42.61268	100
18.25317	42.61204	100
18.25320	42.61147	100
18.25320	42.61100	100
18.25321	42.61092	100
18.25560	42.61092	100
18.25561	42.61139	100
18.25564	42.61199	100
18.25568	42.61276	100
18.25479	42.61152	100
18.25480	42.61143	100
18.25482	42.61131	100
18.25484	42.61137	100
18.25487	42.61149	100
18.25486	42.61154	100
18.25483	42.61163	100
18.25481	42.61168	100
18.25480	42.61158	100
18.25479	42.61152	100
18.25307	42.63457	100
18.25310	42.63494	100
18.25315	42.63525	100
18.25320	42.63538	100
18.25324	42.63531	100
18.25326	42.63502	100
18.25326	42.63449	100
18.25327	42.63401	100
18.25325	42.63390	100
18.25320	42.63381	100
18.25312	42.63409	100
18.25309	42.63441	100
18.25307	42.63457	100
18.25252	42.63847	150
18.25253	42.63903	150
18.25257	42.63978	150
18.25259	42.64050	150
18.25260	42.64131	150
18.25257	42.64189	150
18.25251	42.64213	150
18.25246	42.64203	150
18.25244	42.64154	150
18.25243	42.64121	150
18.25245	42.64062	150
18.25248	42.64023	150
18.25251	42.63993	150
18.25252	42.63927	150
18.25252	42.63847	150
18.25247	42.64142	200
18.25247	42.64162	200
18.25250	42.64173	200
18.25253	42.64182	200
18.25254	42.64171	200
18.25256	42.64135	200
18.25256	42.64111	200
18.25254	42.64051	200
18.25253	42.64044	200
18.25251	42.64061	200
18.25247	42.64094	200
18.25246	42.64116	200
18.25247	42.64142	200
18.25282	42.63823	150
18.25282	42.63865	150
18.25282	42.63889	150
18.25280	42.63947	150
18.25276	42.64029	150
18.25276	42.64085	150
18.25277	42.64106	150
18.25282	42.64155	150
18.25289	42.64191	150
18.25294	42.64199	150
18.25303	42.64190	150
18.25308	42.64173	150
18.25310	42.64162	150
18.25316	42.64093	150
18.25317	42.64072	150
18.25318	42.64057	150
18.25317	42.64012	150
18.25316	42.63992	150
18.25311	42.63972	150
18.25305	42.63965	150
18.25302	42.63961	150
18.25300	42.63950	150
18.25296	42.63902	150
18.25295	42.63859	150
18.25295	42.63809	150
18.25298	42.63759	150
18.25303	42.63723	150
18.25308	42.63707	150
18.25313	42.63679	150
18.25316	42.63637	150
18.25312	42.63601	150
18.25307	42.63581	150
18.25292	42.63585	150
18.25279	42.63593	150
18.25276	42.63613	150
18.25275	42.63637	150
18.25274	42.63674	150
18.25276	42.63714	150
18.25280	42.63776	150
18.25282	42.63823	150
18.25290	42.63787	200
18.25285	42.63755	200
18.25283	42.63731	200
18.25283	42.63696	200
18.25284	42.63648	200
18.25290	42.63628	200
18.25304	42.63607	200
18.25309	42.63611	200
18.25313	42.63643	200
18.25309	42.63686	200
18.25303	42.63695	200
18.25295	42.63731	200
18.25292	42.63759	200
18.25290	42.63787	200
18.25290	42.63863	200
18.25294	42.63933	200
18.25296	42.63986	200
18.25307	42.63992	200
18.25315	42.63999	200
18.25316	42.64030	200
18.25316	42.64071	200
18.25313	42.64114	200
18.25308	42.64162	200
18.25304	42.64169	200
18.25297	42.64168	200
18.25288	42.64153	200
18.25282	42.64120	200
18.25280	42.64079	200
18.25279	42.64062	200
18.25279	42.64011	200
18.25282	42.63950	200
18.25284	42.63909	200
18.25287	42.63895	200
18.25290	42.63863	200
18.25303	42.64110	300
18.25303	42.64077	300
18.25306	42.64058	300
18.25309	42.64051	300
18.25310	42.64069	300
18.25309	42.64109	300
18.25306	42.64127	300
18.25303	42.64134	300
18.25302	42.64125	300
18.25303	42.64110	300
18.25345	42.63395	300
18.25342	42.63429	300
18.25339	42.63454	300
18.25344	42.63483	300
18.25345	42.63486	300
18.25349	42.63467	300
18.25350	42.63460	300
18.25347	42.63418	300
18.25345	42.63395	300
18.25326	42.63138	200
18.25324	42.63169	200
18.25324	42.63211	200
18.25326	42.63250	200
18.25331	42.63293	200
18.25335	42.63308	200
18.25338	42.63317	200
18.25341	42.63306	200
18.25343	42.63266	200
18.25344	42.63224	200
18.25343	42.63190	200
18.25342	42.63157	200
18.25340	42.63129	200
18.25335	42.63117	200
18.25331	42.63119	200
18.25326	42.63138	200
18.25333	42.63179	300
18.25337	42.63202	300
18.25339	42.63216	300
18.25336	42.63229	300
18.25334	42.63241	300
18.25332	42.63235	300
18.25331	42.63221	300
18.25332	42.63202	300
18.25333	42.63179	300
18.25333	42.62908	300
18.25335	42.62902	300
18.25337	42.62898	300
18.25339	42.62901	300
18.25340	42.62909	300
18.25340	42.62924	300
18.25339	42.62929	300
18.25338	42.62928	300
18.25336	42.62922	300
18.25334	42.62923	300
18.25333	42.62923	300
18.25333	42.62917	300
18.25333	42.62908	300
18.25311	42.63156	150
18.25314	42.63096	150
18.25317	42.62999	150
18.25320	42.62946	150
18.25322	42.62940	150
18.25326	42.62966	150
18.25329	42.63009	150
18.25331	42.63032	150
18.25328	42.63063	150
18.25318	42.63148	150
18.25316	42.63163	150
18.25315	42.63201	150
18.25311	42.63156	150
18.25556	42.64427	100
18.25552	42.64411	100
18.25546	42.64387	100
18.25543	42.64373	100
18.25539	42.64374	100
18.25532	42.64378	100
18.25527	42.64379	100
18.25524	42.64367	100
18.25523	42.64354	100
18.25522	42.64337	100
18.25519	42.64308	100
18.25518	42.64293	100
18.25517	42.64269	100
18.25517	42.64256	100
18.25517	42.64238	100
18.25518	42.64208	100
18.25519	42.64186	100
18.25521	42.64172	100
18.25527	42.64144	100
18.25531	42.64131	100
18.25538	42.64121	100
18.25550	42.64118	100
18.25557	42.64120	100
18.25563	42.64120	100
18.25565	42.64136	100
18.25567	42.64176	100
18.25568	42.64191	100
18.25567	42.64205	100
18.25565	42.64268	100
18.25564	42.64311	100
18.25563	42.64353	100
18.25562	42.64374	100
18.25556	42.64427	100
18.25556	42.64372	150
18.25551	42.64351	150
18.25548	42.64343	150
18.25544	42.64338	150
18.25541	42.64344	150
18.25537	42.64353	150
18.25532	42.64363	150
18.25528	42.64363	150
18.25526	42.64356	150
18.25524	42.64344	150
18.25521	42.64316	150
18.25519	42.64288	150
18.25518	42.64256	150
18.25519	42.64225	150
18.25520	42.64202	150
18.25521	42.64182	150
18.25525	42.64165	150
18.25529	42.64151	150
18.25533	42.64142	150
18.25539	42.64141	150
18.25543	42.64154	150
18.25547	42.64162	150
18.25552	42.64166	150
18.25558	42.64165	150
18.25561	42.64176	150
18.25562	42.64185	150
18.25562	42.64209	150
18.25562	42.64247	150
18.25560	42.64293	150
18.25559	42.64327	150
18.25556	42.64372	150
18.25520	42.64258	200
18.25522	42.64304	200
18.25524	42.64326	200
18.25527	42.64346	200
18.25531	42.64350	200
18.25535	42.64342	200
18.25542	42.64313	200
18.25546	42.64279	200
18.25549	42.64247	200
18.25546	42.64216	200
18.25543	42.64184	200
18.25539	42.64165	200
18.25534	42.64160	200
18.25529	42.64165	200
18.25525	42.64177	200
18.25523	42.64191	200
18.25521	42.64217	200
18.25520	42.64243	200
18.25520	42.64258	200
18.25523	42.64258	300
18.25523	42.64286	300
18.25525	42.64308	300
18.25530	42.64319	300
18.25534	42.64318	300
18.25537	42.64298	300
18.25538	42.64273	300
18.25540	42.64249	300
18.25539	42.64231	300
18.25537	42.64209	300
18.25534	42.64196	300
18.25531	42.64191	300
18.25528	42.64202	300
18.25525	42.64213	300
18.25524	42.64231	300
18.25523	42.64258	300
18.25526	42.64247	400
18.25529	42.64260	400
18.25530	42.64272	400
18.25531	42.64272	400
18.25532	42.64262	400
18.25534	42.64252	400
18.25534	42.64240	400
18.25532	42.64233	400
18.25531	42.64230	400
18.25530	42.64230	400
18.25529	42.64235	400
18.25528	42.64237	400
18.25527	42.64243	400
18.25526	42.64247	400
18.24977	42.64866	150
18.24980	42.64836	150
18.24985	42.64775	150
18.24990	42.64687	150
18.24992	42.64669	150
18.24996	42.64659	150
18.25007	42.64653	150
18.25013	42.64624	150
18.25019	42.64564	150
18.25027	42.64423	150
18.25032	42.64329	150
18.25034	42.64277	150
18.25035	42.64184	150
18.25035	42.64084	150
18.25033	42.63984	150
18.25028	42.63906	150
18.25022	42.63860	150
18.25013	42.63823	150
18.25005	42.63820	150
18.24994	42.63820	150
18.24987	42.63831	150
18.24980	42.63854	150
18.24974	42.63876	150
18.24970	42.63917	150
18.24966	42.63976	150
18.24961	42.64048	150
18.24957	42.64137	150
18.24956	42.64170	150
18.24975	42.64334	200
18.24980	42.64438	200
18.24988	42.64493	200
18.24994	42.64528	200
18.25000	42.64551	200
18.25006	42.64544	200
18.25012	42.64505	200
18.25017	42.64453	200
18.25023	42.64369	200
18.25027	42.64276	200
18.25028	42.64157	200
18.25028	42.64066	200
18.25024	42.63994	200
18.25018	42.63935	200
18.25012	42.63917	200
18.25006	42.63907	200
18.24992	42.63922	200
18.24982	42.63959	200
18.24978	42.63987	200
18.24974	42.64035	200
18.24972	42.64101	200
18.24971	42.64147	200
18.24972	42.64231	200
18.24973	42.64305	200
18.24975	42.64334	200
18.25007	42.64063	300
18.25012	42.64096	300
18.25015	42.64149	300
18.25017	42.64220	300
18.25014	42.64299	300
18.25011	42.64353	300
18.25005	42.64381	300
18.24999	42.64377	300
18.24993	42.64330	300
18.24990	42.64276	300
18.24986	42.64202	300
18.24985	42.64162	300
18.24988	42.64099	300
18.24994	42.64059	300
18.25000	42.64050	300
18.25006	42.64057	300
18.25007	42.64063	300
18.24965	42.62848	200
18.24964	42.63008	200
18.24964	42.63218	200
18.24967	42.63366	200
18.24967	42.63470	200
18.24971	42.63496	200
18.24976	42.63508	200
18.24982	42.63486	200
18.24990	42.63390	200
18.24996	42.63302	200
18.25000	42.63244	200
18.25002	42.63081	200
18.25004	42.62913	200
18.25003	42.62780	200
18.24997	42.62694	200
18.24991	42.62646	200
18.24982	42.62633	200
18.24972	42.62691	200
18.24967	42.62769	200
18.24965	42.62848	200
18.25022	42.62332	200
18.25016	42.62418	200
18.25014	42.62508	200
18.25016	42.62567	200
18.25020	42.62590	200
18.25024	42.62596	200
18.25030	42.62563	200
18.25034	42.62512	200
18.25036	42.62455	200
18.25036	42.62371	200
18.25033	42.62314	200
18.25030	42.62293	200
18.25027	42.62295	200
18.25022	42.62332	200
18.25142	42.62731	200
18.25146	42.62776	200
18.25146	42.62823	200
18.25143	42.62887	200
18.25138	42.62883	200
18.25135	42.62869	200
18.25134	42.62846	200
18.25134	42.62781	200
18.25137	42.62744	200
18.25142	42.62731	200
18.25155	42.62923	150
18.25150	42.62981	150
18.25148	42.63026	150
18.25146	42.63081	150
18.25146	42.63105	150
18.25147	42.63142	150
18.25154	42.63146	150
18.25160	42.63119	150
18.25164	42.63093	150
18.25166	42.63048	150
18.25167	42.62997	150
18.25167	42.62937	150
18.25167	42.62899	150
18.25167	42.62874	150
18.25159	42.62893	150
18.25155	42.62923	150
18.25163	42.63379	400
18.25160	42.63413	400
18.25157	42.63467	400
18.25155	42.63531	400
18.25154	42.63566	400
18.25155	42.63609	400
18.25160	42.63641	400
18.25164	42.63644	400
18.25171	42.63626	400
18.25178	42.63607	400
18.25184	42.63562	400
18.25190	42.63491	400
18.25193	42.63429	400
18.25194	42.63391	400
18.25194	42.63339	400
18.25193	42.63316	400
18.25191	42.63296	400
18.25187	42.63293	400
18.25183	42.63288	400
18.25175	42.63304	400
18.25172	42.63314	400
18.25165	42.63352	400
18.25163	42.63379	400
18.25180	42.63345	500
18.25184	42.63346	500
18.25187	42.63376	500
18.25188	42.63408	500
18.25187	42.63452	500
18.25185	42.63497	500
18.25180	42.63544	500
18.25173	42.63572	500
18.25168	42.63559	500
18.25165	42.63542	500
18.25164	42.63525	500
18.25165	42.63467	500
18.25166	42.63427	500
18.25169	42.63387	500
18.25174	42.63349	500
18.25178	42.63348	500
18.25180	42.63345	500
18.25179	42.63398	600
18.25178	42.63396	600
18.25176	42.63416	600
18.25173	42.63445	600
18.25172	42.63460	600
18.25172	42.63473	600
18.25174	42.63483	600
18.25178	42.63496	600
18.25180	42.63497	600
18.25182	42.63493	600
18.25182	42.63473	600
18.25182	42.63449	600
18.25180	42.63413	600
18.25179	42.63398	600
18.25037	42.61427	200
18.25031	42.61528	200
18.25029	42.61593	200
18.25029	42.61655	200
18.25031	42.61741	200
18.25037	42.61843	200
18.25043	42.61912	200
18.25050	42.61950	200
18.25060	42.61973	200
18.25067	42.61971	200
18.25070	42.61964	200
18.25076	42.61939	200
18.25082	42.61901	200
18.25090	42.61857	200
18.25098	42.61821	200
18.25101	42.61790	200
18.25105	42.61750	200
18.25107	42.61696	200
18.25108	42.61640	200
18.25107	42.61585	200
18.25103	42.61499	200
18.25096	42.61378	200
18.25094	42.61336	200
18.25093	42.61261	200
18.25091	42.61200	200
18.25087	42.61159	200
18.25083	42.61134	200
18.25080	42.61125	200
18.25069	42.61143	200
18.25060	42.61183	200
18.25053	42.61244	200
18.25049	42.61307	200
18.25041	42.61382	200
18.25037	42.61427	200
18.25067	42.61286	300
18.25073	42.61285	300
18.25077	42.61329	300
18.25079	42.61411	300
18.25079	42.61515	300
18.25082	42.61583	300
18.25082	42.61639	300
18.25080	42.61658	300
18.25075	42.61728	300
18.25067	42.61798	300
18.25061	42.61798	300
18.25058	42.61774	300
18.25056	42.61736	300
18.25055	42.61690	300
18.25056	42.61638	300
18.25060	42.61553	300
18.25061	42.61516	300
18.25062	42.61383	300
18.25063	42.61340	300
18.25066	42.61299	300
18.25067	42.61286	300
18.25122	42.61102	200
18.25126	42.61161	200
18.25129	42.61204	200
18.25135	42.61200	200
18.25139	42.61157	200
18.25142	42.61097	200
18.25163	42.61096	150
18.25165	42.61112	150
18.25167	42.61119	150
18.25171	42.61119	150
18.25175	42.61110	150
18.25178	42.61098	150
18.25178	42.61097	150
18.25178	42.61095	150
18.25223	42.61705	100
18.25227	42.61759	100
18.25232	42.61791	100
18.25236	42.61802	100
18.25241	42.61798	100
18.25246	42.61743	100
18.25250	42.61634	100
18.25253	42.61548	100
18.25256	42.61488	100
18.25256	42.61413	100
18.25253	42.61347	100
18.25247	42.61298	100
18.25244	42.61289	100
18.25238	42.61288	100
18.25233	42.61307	100
18.25230	42.61345	100
18.25228	42.61401	100
18.25229	42.61479	100
18.25230	42.61522	100
18.25228	42.61553	100
18.25225	42.61590	100
18.25223	42.61647	100
18.25223	42.61705	100
18.25228	42.61681	150
18.25229	42.61715	150
18.25234	42.61752	150
18.25240	42.61745	150
18.25243	42.61719	150
18.25245	42.61698	150
18.25246	42.61646	150
18.25248	42.61571	150
18.25252	42.61508	150
18.25254	42.61459	150
18.25253	42.61401	150
18.25251	42.61366	150
18.25247	42.61329	150
18.25244	42.61325	150
18.25239	42.61332	150
18.25236	42.61354	150
18.25233	42.61382	150
18.25232	42.61405	150
18.25233	42.61438	150
18.25234	42.61497	150
18.25235	42.61522	150
18.25233	42.61536	150
18.25230	42.61566	150
18.25229	42.61596	150
18.25228	42.61636	150
18.25228	42.61665	150
18.25228	42.61681	150
18.25239	42.61521	200
18.25236	42.61441	200
18.25236	42.61392	200
18.25240	42.61363	200
18.25243	42.61355	200
18.25247	42.61359	200
18.25250	42.61381	200
18.25251	42.61403	200
18.25252	42.61451	200
18.25250	42.61489	200
18.25246	42.61548	200
18.25244	42.61574	200
18.25244	42.61592	200
18.25243	42.61647	200
18.25241	42.61708	200
18.25237	42.61717	200
18.25235	42.61722	200
18.25233	42.61704	200
18.25231	42.61668	200
18.25231	42.61637	200
18.25231	42.61602	200
18.25233	42.61566	200
18.25237	42.61537	200
18.25239	42.61521	200
18.25055	42.61099	150
18.25051	42.61136	150
18.25047	42.61185	150
18.25043	42.61228	150
18.25040	42.61251	150
18.25033	42.61299	150
18.25030	42.61342	150
18.25027	42.61366	150
18.25025	42.61403	150
18.25021	42.61443	150
18.25019	42.61464	150
18.25016	42.61499	150
18.25015	42.61544	150
18.25014	42.61615	150
18.25014	42.61675	150
18.25015	42.61729	150
18.25017	42.61799	150
18.25020	42.61845	150
18.25023	42.61889	150
18.25026	42.61929	150
18.25028	42.61975	150
18.25030	42.62013	150
18.25029	42.62076	150
18.25021	42.62125	150
18.25016	42.62186	150
18.25014	42.62209	150
18.25009	42.62265	150
18.25003	42.62360	150
18.24998	42.62426	150
18.24990	42.62462	150
18.24983	42.62480	150
18.24978	42.62510	150
18.24969	42.62584	150
18.24960	42.62720	150
18.24958	42.62763	150
18.24956	42.62804	150
18.24956	42.63635	150
18.24959	42.63647	150
18.24965	42.63669	150
18.24969	42.63680	150
18.24972	42.63683	150
18.24975	42.63679	150
18.24977	42.63675	150
18.24980	42.63651	150
18.24985	42.63591	150
18.24990	42.63521	150
18.25001	42.63340	150
18.25005	42.63257	150
18.25010	42.62921	150
18.25011	42.62904	150
18.25012	42.62863	150
18.25014	42.62837	150
18.25016	42.62785	150
18.25024	42.62713	150
18.25030	42.62671	150
18.25037	42.62596	150
18.25040	42.62543	150
18.25044	42.62442	150
18.25045	42.62373	150
18.25047	42.62254	150
18.25047	42.62186	150
18.25047	42.62128	150
18.25047	42.62118	150
18.25049	42.62100	150
18.25051	42.62080	150
18.25055	42.62067	150
18.25060	42.62060	150
18.25066	42.62050	150
18.25073	42.62032	150
18.25086	42.61957	150
18.25091	42.61942	150
18.25099	42.61934	150
18.25105	42.61937	150
18.25108	42.61952	150
18.25109	42.61996	150
18.25111	42.62099	150
18.25114	42.62160	150
18.25117	42.62208	150
18.25121	42.62245	150
18.25126	42.62266	150
18.25130	42.62270	150
18.25134	42.62267	150
18.25140	42.62242	150
18.25148	42.62181	150
18.25154	42.62131	150
18.25159	42.62074	150
18.25164	42.61986	150
18.25166	42.61928	150
18.25170	42.61842	150
18.25176	42.61730	150
18.25183	42.61605	150
18.25187	42.61562	150
18.25193	42.61495	150
18.25206	42.61344	150
18.25209	42.61281	150
18.25213	42.61196	150
18.25216	42.61140	150
18.25218	42.61094	150
18.25331	42.61089	150
18.25332	42.61117	150
18.25333	42.61141	150
18.25336	42.61162	150
18.25341	42.61186	150
18.25345	42.61197	150
18.25347	42.61208	150
18.25346	42.61233	150
18.25344	42.61329	150
18.25343	42.61377	150
18.25343	42.61436	150
18.25341	42.61491	150
18.25338	42.61535	150
18.25335	42.61589	150
18.25330	42.61622	150
18.25326	42.61637	150
18.25314	42.61641	150
18.25309	42.61648	150
18.25305	42.61664	150
18.25302	42.61675	150
18.25285	42.61887	150
18.25279	42.61970	150
18.25277	42.61989	150
18.25272	42.62001	150
18.25261	42.61995	150
18.25254	42.62003	150
18.25248	42.62012	150
18.25242	42.62018	150
18.25232	42.62030	150
18.25227	42.62078	150
18.25223	42.62143	150
18.25221	42.62184	150
18.25208	42.62310	150
18.25198	42.62369	150
18.25189	42.62397	150
18.25183	42.62441	150
18.25178	42.62555	150
18.25173	42.62598	150
18.25162	42.62676	150
18.25160	42.62699	150
18.25154	42.62696	150
18.25150	42.62680	150
18.25145	42.62664	150
18.25143	42.62660	150
18.25139	42.62666	150
18.25134	42.62688	150
18.25130	42.62738	150
18.25129	42.62822	150
18.25130	42.62884	150
18.25133	42.62954	150
18.25134	42.62986	150
18.25133	42.63107	150
18.25135	42.63145	150
18.25135	42.63172	150
18.25135	42.63190	150
18.25134	42.63221	150
18.25133	42.63251	150
18.25130	42.63289	150
18.25127	42.63315	150
18.25121	42.63357	150
18.25118	42.63378	150
18.25116	42.63399	150
18.25107	42.63484	150
18.25097	42.63581	150
18.25095	42.63620	150
18.25091	42.63662	150
18.25090	42.63665	150
18.25087	42.63686	150
18.25085	42.63692	150
18.25081	42.63668	150
18.25079	42.63664	150
18.25076	42.63658	150
18.25073	42.63657	150
18.25070	42.63683	150
18.25067	42.63703	150
18.25070	42.63726	150
18.25073	42.63741	150
18.25079	42.63790	150
18.25082	42.63846	150
18.25084	42.63909	150
18.25087	42.64000	150
18.25089	42.64081	150
18.25092	42.64130	150
18.25096	42.64162	150
18.25100	42.64190	150
18.25102	42.64198	150
18.25105	42.64210	150
18.25110	42.64218	150
18.25125	42.64206	150
18.25136	42.64195	150
18.25141	42.64150	150
18.25146	42.64080	150
18.25158	42.63920	150
18.25162	42.63883	150
18.25170	42.63830	150
18.25177	42.63766	150
18.25188	42.63662	150
18.25195	42.63582	150
18.25198	42.63555	150
18.25202	42.63497	150
18.25205	42.63459	150
18.25210	42.63423	150
18.25211	42.63413	150
18.25215	42.63405	150
18.25221	42.63417	150
18.25227	42.63442	150
18.25230	42.63449	150
18.25240	42.63463	150
18.25244	42.63487	150
18.25249	42.63523	150
18.25253	42.63552	150
18.25259	42.63560	150
18.25264	42.63529	150
18.25265	42.63488	150
18.25266	42.63458	150
18.25262	42.63416	150
18.25262	42.63385	150
18.25263	42.63339	150
18.25266	42.63333	150
18.25271	42.63325	150
18.25273	42.63314	150
18.25280	42.63281	150
18.25288	42.63226	150
18.25292	42.63201	150
18.25297	42.63208	150
18.25302	42.63219	150
18.25304	42.63273	150
18.25306	42.63285	150
18.25310	42.63278	150
18.25314	42.63246	150
18.25315	42.63233	150
18.25319	42.63264	150
18.25323	42.63286	150
18.25325	42.63291	150
18.25330	42.63319	150
18.25334	42.63335	150
18.25336	42.63349	150
18.25337	42.63392	150
18.25337	42.63413	150
18.25336	42.63441	150
18.25335	42.63458	150
18.25336	42.63480	150
18.25340	42.63501	150
18.25345	42.63513	150
18.25349	42.63493	150
18.25353	42.63472	150
18.25353	42.63449	150
18.25352	42.63429	150
18.25350	42.63396	150
18.25348	42.63370	150
18.25346	42.63345	150
18.25346	42.63336	150
18.25346	42.63243	150
18.25345	42.63172	150
18.25341	42.63114	150
18.25339	42.63095	150
18.25338	42.63085	150
18.25340	42.63038	150
18.25342	42.63025	150
18.25345	42.62993	150
18.25348	42.62952	150
18.25348	42.62903	150
18.25345	42.62853	150
18.25342	42.62817	150
18.25338	42.62790	150
18.25337	42.62790	150
18.25337	42.62728	150
18.25338	42.62708	150
18.25343	42.62660	150
18.25345	42.62616	150
18.25349	42.62586	150
18.25351	42.62568	150
18.25354	42.62576	150
18.25358	42.62605	150
18.25363	42.62636	150
18.25366	42.62633	150
18.25370	42.62621	150
18.25372	42.62607	150
18.25374	42.62565	150
18.25375	42.62533	150
18.25375	42.62470	150
18.25376	42.62403	150
18.25381	42.62341	150
18.25386	42.62295	150
18.25390	42.62275	150
18.25394	42.62248	150
18.25397	42.62210	150
18.25398	42.62164	150
18.25399	42.62037	150
18.25399	42.61976	150
18.25399	42.61927	150
18.25401	42.61896	150
18.25404	42.61871	150
18.25408	42.61866	150
18.25412	42.61875	150
18.25416	42.61910	150
18.25417	42.61944	150
18.25421	42.61971	150
18.25425	42.61987	150
18.25426	42.61991	150
18.25429	42.61977	150
18.25433	42.61948	150
18.25437	42.61897	150
18.25438	42.61880	150
18.25444	42.61890	150
18.25451	42.61889	150
18.25452	42.61884	150
18.25456	42.61844	150
18.25457	42.61810	150
18.25452	42.61761	150
18.25448	42.61697	150
18.25455	42.61638	150
18.25457	42.61634	150
18.25461	42.61646	150
18.25467	42.61693	150
18.25476	42.61774	150
18.25482	42.61822	150
18.25486	42.61912	150
18.25487	42.61952	150
18.25488	42.61996	150
18.25484	42.62034	150
18.25482	42.62058	150
18.25478	42.62060	150
18.25475	42.62074	150
18.25475	42.62121	150
18.25476	42.62145	150
18.25482	42.62143	150
18.25487	42.62133	150
18.25491	42.62142	150
18.25493	42.62151	150
18.25499	42.62182	150
18.25504	42.62202	150
18.25507	42.62207	150
18.25513	42.62202	150
18.25516	42.62187	150
18.25519	42.62180	150
18.25525	42.62121	150
18.25531	42.62061	150
18.25534	42.62053	150
18.25540	42.62038	150
18.25547	42.61998	150
18.25554	42.61940	150
18.25562	42.61873	150
18.25569	42.61813	150
18.25402	42.61089	150
18.25405	42.61107	150
18.25407	42.61112	150
18.25411	42.61118	150
18.25419	42.61126	150
18.25427	42.61133	150
18.25435	42.61142	150
18.25438	42.61154	150
18.25444	42.61216	150
18.25449	42.61255	150
18.25456	42.61307	150
18.25462	42.61307	150
18.25465	42.61289	150
18.25471	42.61255	150
18.25476	42.61242	150
18.25487	42.61255	150
18.25494	42.61265	150
18.25499	42.61254	150
18.25502	42.61234	150
18.25513	42.61175	150
18.25518	42.61150	150
18.25526	42.61117	150
18.25529	42.61103	150
18.25538	42.61107	150
18.25546	42.61159	150
18.25555	42.61234	150
18.25561	42.61292	150
18.25566	42.61343	150
18.25569	42.61373	150
18.25569	42.61443	200
18.25565	42.61394	200
18.25559	42.61338	200
18.25551	42.61285	200
18.25544	42.61249	200
18.25538	42.61229	200
18.25534	42.61225	200
18.25528	42.61230	200
18.25523	42.61242	200
18.25519	42.61266	200
18.25515	42.61282	200
18.25508	42.61303	200
18.25500	42.61319	200
18.25496	42.61316	200
18.25490	42.61299	200
18.25484	42.61291	200
18.25480	42.61285	200
18.25475	42.61289	200
18.25472	42.61304	200
18.25469	42.61316	200
18.25465	42.61360	200
18.25463	42.61387	200
18.25457	42.61389	200
18.25454	42.61375	200
18.25451	42.61352	200
18.25444	42.61294	200
18.25436	42.61238	200
18.25429	42.61211	200
18.25424	42.61196	200
18.25419	42.61179	200
18.25408	42.61180	200
18.25395	42.61187	200
18.25392	42.61216	200
18.25384	42.61243	200
18.25380	42.61253	200
18.25372	42.61266	200
18.25366	42.61274	200
18.25362	42.61290	200
18.25358	42.61315	200
18.25357	42.61328	200
18.25356	42.61351	200
18.25353	42.61408	200
18.25346	42.61520	200
18.25337	42.61631	200
18.25329	42.61729	200
18.25328	42.61805	200
18.25326	42.61855	200
18.25322	42.61939	200
18.25320	42.61959	200
18.25313	42.62020	200
18.25307	42.62070	200
18.25299	42.62124	200
18.25292	42.62156	200
18.25290	42.62165	200
18.25283	42.62188	200
18.25278	42.62172	200
18.25275	42.62153	200
18.25272	42.62132	200
18.25270	42.62120	200
18.25265	42.62117	200
18.25262	42.62129	200
18.25258	42.62150	200
18.25256	42.62177	200
18.25254	42.62199	200
18.25248	42.62220	200
18.25239	42.62255	200
18.25233	42.62286	200
18.25231	42.62307	200
18.25229	42.62342	200
18.25221	42.62471	200
18.25218	42.62519	200
18.25216	42.62577	200
18.25204	42.62677	200
18.25197	42.62708	200
18.25192	42.62747	200
18.25186	42.62786	200
18.25184	42.62825	200
18.25180	42.62895	200
18.25176	42.62982	200
18.25175	42.63032	200
18.25175	42.63095	200
18.25172	42.63161	200
18.25166	42.63193	200
18.25161	42.63221	200
18.25157	42.63240	200
18.25152	42.63264	200
18.25148	42.63305	200
18.25144	42.63331	200
18.25140	42.63373	200
18.25134	42.63405	200
18.25127	42.63435	200
18.25119	42.63489	200
18.25115	42.63520	200
18.25109	42.63570	200
18.25106	42.63609	200
18.25103	42.63653	200
18.25101	42.63700	200
18.25100	42.63735	200
18.25098	42.63775	200
18.25095	42.63819	200
18.25094	42.63862	200
18.25093	42.63893	200
18.25092	42.63965	200
18.25093	42.64006	200
18.25095	42.64059	200
18.25098	42.64098	200
18.25100	42.64131	200
18.25104	42.64151	200
18.25108	42.64159	200
18.25112	42.64161	200
18.25117	42.64163	200
18.25124	42.64151	200
18.25131	42.64140	200
18.25135	42.64128	200
18.25141	42.64060	200
18.25149	42.63963	200
18.25155	42.63894	200
18.25161	42.63831	200
18.25166	42.63812	200
18.25179	42.63705	200
18.25186	42.63657	200
18.25199	42.63501	200
18.25204	42.63420	200
18.25213	42.63360	200
18.25216	42.63370	200
18.25222	42.63387	200
18.25226	42.63407	200
18.25232	42.63419	200
18.25239	42.63421	200
18.25245	42.63398	200
18.25248	42.63363	200
18.25251	42.63284	200
18.25253	42.63270	200
18.25256	42.63266	200
18.25267	42.63265	200
18.25272	42.63254	200
18.25277	42.63229	200
18.25284	42.63181	200
18.25296	42.63124	200
18.25300	42.63112	200
18.25305	42.63097	200
18.25308	42.63082	200
18.25311	42.63045	200
18.25314	42.62966	200
18.25318	42.62908	200
18.25321	42.62881	200
18.25325	42.62878	200
18.25327	42.62873	200
18.25329	42.62943	200
18.25331	42.62988	200
18.25333	42.63009	200
18.25340	42.63009	200
18.25342	42.62993	200
18.25344	42.62968	200
18.25346	42.62932	200
18.25346	42.62904	200
18.25344	42.62866	200
18.25341	42.62834	200
18.25334	42.62808	200
18.25332	42.62793	200
18.25333	42.62734	200
18.25334	42.62714	200
18.25339	42.62649	200
18.25342	42.62601	200
18.25349	42.62547	200
18.25351	42.62535	200
18.25355	42.62545	200
18.25359	42.62563	200
18.25361	42.62592	200
18.25363	42.62605	200
18.25364	42.62613	200
18.25365	42.62612	200
18.25367	42.62601	200
18.25370	42.62585	200
18.25372	42.62568	200
18.25373	42.62535	200
18.25373	42.62503	200
18.25374	42.62473	200
18.25374	42.62422	200
18.25374	42.62388	200
18.25376	42.62355	200
18.25380	42.62319	200
18.25385	42.62276	200
18.25388	42.62255	200
18.25391	42.62236	200
18.25393	42.62207	200
18.25396	42.62176	200
18.25397	42.62128	200
18.25397	42.61985	200
18.25397	42.61944	200
18.25398	42.61912	200
18.25402	42.61869	200
18.25406	42.61846	200
18.25408	42.61835	200
18.25413	42.61826	200
18.25415	42.61830	200
18.25417	42.61869	200
18.25420	42.61907	200
18.25422	42.61936	200
18.25424	42.61952	200
18.25426	42.61955	200
18.25428	42.61948	200
18.25430	42.61927	200
18.25430	42.61901	200
18.25431	42.61880	200
18.25429	42.61855	200
18.25426	42.61832	200
18.25424	42.61830	200
18.25419	42.61827	200
18.25417	42.61819	200
18.25420	42.61812	200
18.25424	42.61801	200
18.25429	42.61772	200
18.25431	42.61753	200
18.25436	42.61721	200
18.25443	42.61666	200
18.25448	42.61620	200
18.25451	42.61595	200
18.25455	42.61568	200
18.25456	42.61530	200
18.25459	42.61532	200
18.25461	42.61528	200
18.25463	42.61533	200
18.25464	42.61553	200
18.25463	42.61576	200
18.25466	42.61602	200
18.25468	42.61643	200
18.25473	42.61706	200
18.25481	42.61773	200
18.25484	42.61806	200
18.25489	42.61884	200
18.25493	42.61944	200
18.25494	42.61990	200
18.25495	42.62050	200
18.25497	42.62084	200
18.25499	42.62106	200
18.25500	42.62124	200
18.25505	42.62151	200
18.25507	42.62164	200
18.25514	42.62160	200
18.25518	42.62155	200
18.25522	42.62122	200
18.25525	42.62076	200
18.25528	42.62038	200
18.25532	42.62007	200
18.25537	42.62008	200
18.25541	42.61988	200
18.25545	42.61972	200
18.25551	42.61923	200
18.25569	42.61763	200
18.25113	42.63853	300
18.25113	42.63937	300
18.25116	42.63986	300
18.25120	42.64006	300
18.25127	42.64006	300
18.25133	42.63983	300
18.25138	42.63942	300
18.25145	42.63875	300
18.25154	42.63778	300
18.25162	42.63731	300
18.25174	42.63670	300
18.25182	42.63622	300
18.25190	42.63551	300
18.25195	42.63481	300
18.25200	42.63375	300
18.25204	42.63305	300
18.25208	42.63276	300
18.25215	42.63264	300
18.25221	42.63295	300
18.25227	42.63343	300
18.25233	42.63358	300
18.25238	42.63345	300
18.25242	42.63296	300
18.25246	42.63237	300
18.25250	42.63215	300
18.25253	42.63205	300
18.25262	42.63205	300
18.25268	42.63202	300
18.25273	42.63177	300
18.25276	42.63164	300
18.25280	42.63139	300
18.25283	42.63123	300
18.25290	42.63077	300
18.25300	42.63018	300
18.25303	42.63000	300
18.25306	42.62972	300
18.25309	42.62947	300
18.25310	42.62930	300
18.25311	42.62910	300
18.25317	42.62845	300
18.25323	42.62808	300
18.25326	42.62776	300
18.25328	42.62746	300
18.25331	42.62701	300
18.25336	42.62611	300
18.25340	42.62575	300
18.25344	42.62538	300
18.25348	42.62510	300
18.25351	42.62487	300
18.25354	42.62474	300
18.25359	42.62480	300
18.25362	42.62517	300
18.25363	42.62552	300
18.25365	42.62558	300
18.25367	42.62547	300
18.25369	42.62507	300
18.25370	42.62481	300
18.25368	42.62440	300
18.25368	42.62418	300
18.25369	42.62385	300
18.25371	42.62357	300
18.25374	42.62322	300
18.25379	42.62275	300
18.25390	42.62192	300
18.25392	42.62151	300
18.25393	42.62122	300
18.25393	42.62047	300
18.25393	42.61946	300
18.25395	42.61899	300
18.25398	42.61866	300
18.25403	42.61816	300
18.25410	42.61779	300
18.25418	42.61747	300
18.25423	42.61733	300
18.25429	42.61699	300
18.25434	42.61659	300
18.25438	42.61615	300
18.25442	42.61574	300
18.25444	42.61539	300
18.25445	42.61515	300
18.25446	42.61468	300
18.25445	42.61436	300
18.25442	42.61387	300
18.25439	42.61356	300
18.25433	42.61320	300
18.25429	42.61294	300
18.25421	42.61266	300
18.25414	42.61251	300
18.25406	42.61255	300
18.25400	42.61262	300
18.25393	42.61279	300
18.25387	42.61297	300
18.25377	42.61343	300
18.25372	42.61382	300
18.25365	42.61427	300
18.25361	42.61456	300
18.25357	42.61484	300
18.25351	42.61539	300
18.25346	42.61605	300
18.25342	42.61660	300
18.25340	42.61703	300
18.25340	42.61765	300
18.25339	42.61826	300
18.25335	42.61881	300
18.25328	42.61980	300
18.25323	42.62048	300
18.25315	42.62110	300
18.25305	42.62197	300
18.25297	42.62264	300
18.25290	42.62309	300
18.25283	42.62339	300
18.25277	42.62367	300
18.25269	42.62383	300
18.25265	42.62394	300
18.25261	42.62412	300
18.25258	42.62425	300
18.25257	42.62440	300
18.25255	42.62516	300
18.25254	42.62561	300
18.25253	42.62618	300
18.25246	42.62729	300
18.25243	42.62767	300
18.25239	42.62795	300
18.25234	42.62808	300
18.25225	42.62819	300
18.25221	42.62826	300
18.25216	42.62839	300
18.25212	42.62858	300
18.25209	42.62882	300
18.25202	42.62901	300
18.25197	42.62908	300
18.25192	42.62952	300
18.25191	42.62976	300
18.25190	42.63019	300
18.25191	42.63073	300
18.25193	42.63130	300
18.25193	42.63155	300
18.25192	42.63186	300
18.25187	42.63210	300
18.25182	42.63229	300
18.25176	42.63248	300
18.25173	42.63253	300
18.25168	42.63280	300
18.25163	42.63308	300
18.25158	42.63342	300
18.25155	42.63376	300
18.25150	42.63430	300
18.25148	42.63476	300
18.25144	42.63502	300
18.25142	42.63518	300
18.25140	42.63530	300
18.25136	42.63546	300
18.25131	42.63573	300
18.25124	42.63620	300
18.25118	42.63674	300
18.25115	42.63698	300
18.25114	42.63739	300
18.25113	42.63762	300
18.25113	42.63785	300
18.25112	42.63819	300
18.25113	42.63853	300
18.25482	42.61346	300
18.25487	42.61350	300
18.25494	42.61393	300
18.25502	42.61409	300
18.25508	42.61399	300
18.25516	42.61374	300
18.25525	42.61339	300
18.25528	42.61337	300
18.25539	42.61336	300
18.25545	42.61352	300
18.25554	42.61387	300
18.25558	42.61423	300
18.25565	42.61498	300
18.25568	42.61556	300
18.25569	42.61582	300
18.25568	42.61649	300
18.25566	42.61703	300
18.25562	42.61754	300
18.25552	42.61836	300
18.25543	42.61904	300
18.25537	42.61940	300
18.25532	42.61945	300
18.25527	42.61961	300
18.25525	42.61980	300
18.25523	42.62010	300
18.25522	42.62043	300
18.25520	42.62069	300
18.25518	42.62095	300
18.25513	42.62116	300
18.25509	42.62091	300
18.25507	42.62067	300
18.25505	42.62049	300
18.25505	42.61981	300
18.25503	42.61942	300
18.25502	42.61902	300
18.25498	42.61873	300
18.25493	42.61842	300
18.25486	42.61764	300
18.25481	42.61705	300
18.25477	42.61664	300
18.25475	42.61618	300
18.25474	42.61536	300
18.25473	42.61434	300
18.25474	42.61389	300
18.25476	42.61360	300
18.25482	42.61346	300
18.25488	42.61412	400
18.25493	42.61445	400
18.25495	42.61460	400
18.25502	42.61459	400
18.25507	42.61451	400
18.25513	42.61440	400
18.25520	42.61416	400
18.25526	42.61403	400
18.25533	42.61399	400
18.25541	42.61408	400
18.25548	42.61434	400
18.25554	42.61470	400
18.25560	42.61535	400
18.25562	42.61570	400
18.25563	42.61605	400
18.25562	42.61670	400
18.25557	42.61737	400
18.25551	42.61789	400
18.25542	42.61856	400
18.25534	42.61899	400
18.25527	42.61904	400
18.25524	42.61915	400
18.25521	42.61938	400
18.25520	42.61984	400
18.25519	42.62019	400
18.25516	42.62043	400
18.25513	42.62059	400
18.25511	42.62060	400
18.25510	42.62044	400
18.25510	42.62020	400
18.25511	42.61973	400
18.25511	42.61943	400
18.25510	42.61916	400
18.25508	42.61887	400
18.25505	42.61872	400
18.25500	42.61846	400
18.25497	42.61818	400
18.25494	42.61796	400
18.25486	42.61688	400
18.25481	42.61630	400
18.25481	42.61606	400
18.25480	42.61576	400
18.25480	42.61513	400
18.25480	42.61470	400
18.25481	42.61433	400
18.25482	42.61411	400
18.25483	42.61412	400
18.25488	42.61412	400
18.25523	42.61455	500
18.25525	42.61452	500
18.25536	42.61458	500
18.25542	42.61472	500
18.25548	42.61497	500
18.25553	42.61533	500
18.25556	42.61571	500
18.25557	42.61629	500
18.25556	42.61653	500
18.25553	42.61706	500
18.25549	42.61750	500
18.25541	42.61803	500
18.25534	42.61844	500
18.25529	42.61866	500
18.25524	42.61870	500
18.25517	42.61873	500
18.25514	42.61873	500
18.25509	42.61847	500
18.25503	42.61822	500
18.25500	42.61795	500
18.25496	42.61760	500
18.25492	42.61697	500
18.25490	42.61656	500
18.25488	42.61628	500
18.25488	42.61599	500
18.25489	42.61580	500
18.25490	42.61563	500
18.25492	42.61544	500
18.25497	42.61520	500
18.25504	42.61505	500
18.25510	42.61487	500
18.25520	42.61462	500
18.25523	42.61455	500
18.25523	42.61494	600
18.25532	42.61493	600
18.25536	42.61504	600
18.25541	42.61524	600
18.25546	42.61546	600
18.25548	42.61577	600
18.25550	42.61624	600
18.25549	42.61667	600
18.25547	42.61704	600
18.25542	42.61745	600
18.25538	42.61779	600
18.25536	42.61791	600
18.25529	42.61822	600
18.25524	42.61832	600
18.25517	42.61833	600
18.25512	42.61825	600
18.25506	42.61802	600
18.25502	42.61773	600
18.25499	42.61741	600
18.25496	42.61700	600
18.25496	42.61678	600
18.25495	42.61640	600
18.25496	42.61610	600
18.25499	42.61572	600
18.25502	42.61550	600
18.25507	42.61541	600
18.25513	42.61522	600
18.25519	42.61506	600
18.25523	42.61494	600
18.25525	42.61530	700
18.25531	42.61532	700
18.25536	42.61550	700
18.25540	42.61576	700
18.25542	42.61617	700
18.25543	42.61646	700
18.25541	42.61690	700
18.25538	42.61730	700
18.25531	42.61775	700
18.25526	42.61794	700
18.25520	42.61802	700
18.25515	42.61798	700
18.25511	42.61784	700
18.25505	42.61756	700
18.25504	42.61740	700
18.25502	42.61704	700
18.25501	42.61697	700
18.25500	42.61666	700
18.25501	42.61626	700
18.25503	42.61597	700
18.25507	42.61572	700
18.25514	42.61558	700
18.25519	42.61546	700
18.25525	42.61530	700
18.25520	42.61581	800
18.25523	42.61571	800
18.25526	42.61571	800
18.25530	42.61571	800
18.25532	42.61583	800
18.25535	42.61620	800
18.25535	42.61658	800
18.25534	42.61693	800
18.25531	42.61723	800
18.25527	42.61749	800
18.25523	42.61761	800
18.25517	42.61760	800
18.25514	42.61745	800
18.25509	42.61727	800
18.25506	42.61703	800
18.25505	42.61679	800
18.25506	42.61662	800
18.25507	42.61637	800
18.25508	42.61626	800
18.25510	42.61619	800
18.25515	42.61597	800
18.25519	42.61585	800
18.25520	42.61581	800
18.25521	42.61658	900
18.25521	42.61641	900
18.25524	42.61625	900
18.25526	42.61624	900
18.25527	42.61631	900
18.25527	42.61644	900
18.25527	42.61659	900
18.25527	42.61668	900
18.25526	42.61684	900
18.25526	42.61694	900
18.25526	42.61700	900
18.25524	42.61704	900
18.25524	42.61704	900
18.25522	42.61693	900
18.25522	42.61681	900
18.25521	42.61666	900
18.25521	42.61658	900
18.25423	42.61321	400
18.25429	42.61357	400
18.25434	42.61403	400
18.25438	42.61453	400
18.25438	42.61494	400
18.25437	42.61529	400
18.25435	42.61578	400
18.25431	42.61632	400
18.25425	42.61686	400
18.25422	42.61696	400
18.25416	42.61719	400
18.25410	42.61746	400
18.25402	42.61791	400
18.25398	42.61830	400
18.25395	42.61866	400
18.25393	42.61892	400
18.25392	42.61933	400
18.25391	42.62014	400
18.25390	42.62094	400
18.25389	42.62124	400
18.25387	42.62170	400
18.25383	42.62212	400
18.25372	42.62300	400
18.25369	42.62337	400
18.25365	42.62374	400
18.25363	42.62399	400
18.25356	42.62432	400
18.25346	42.62491	400
18.25339	42.62535	400
18.25335	42.62569	400
18.25332	42.62608	400
18.25329	42.62655	400
18.25326	42.62715	400
18.25322	42.62757	400
18.25318	42.62795	400
18.25314	42.62833	400
18.25311	42.62850	400
18.25306	42.62908	400
18.25298	42.62982	400
18.25290	42.63039	400
18.25284	42.63080	400
18.25279	42.63102	400
18.25274	42.63136	400
18.25269	42.63153	400
18.25266	42.63164	400
18.25256	42.63161	400
18.25248	42.63171	400
18.25245	42.63185	400
18.25240	42.63211	400
18.25238	42.63232	400
18.25234	42.63272	400
18.25231	42.63274	400
18.25226	42.63254	400
18.25220	42.63222	400
18.25219	42.63218	400
18.25214	42.63202	400
18.25210	42.63185	400
18.25207	42.63166	400
18.25206	42.63149	400
18.25204	42.63101	400
18.25204	42.63064	400
18.25205	42.63027	400
18.25209	42.62996	400
18.25216	42.62943	400
18.25221	42.62919	400
18.25225	42.62906	400
18.25230	42.62905	400
18.25239	42.62890	400
18.25244	42.62881	400
18.25248	42.62850	400
18.25253	42.62796	400
18.25256	42.62755	400
18.25259	42.62701	400
18.25262	42.62641	400
18.25265	42.62582	400
18.25270	42.62524	400
18.25273	42.62493	400
18.25277	42.62466	400
18.25284	42.62425	400
18.25291	42.62369	400
18.25300	42.62300	400
18.25307	42.62236	400
18.25313	42.62170	400
18.25318	42.62137	400
18.25322	42.62104	400
18.25330	42.62013	400
18.25336	42.61957	400
18.25340	42.61895	400
18.25343	42.61839	400
18.25344	42.61742	400
18.25346	42.61653	400
18.25349	42.61612	400
18.25354	42.61556	400
18.25366	42.61469	400
18.25378	42.61391	400
18.25388	42.61341	400
18.25393	42.61308	400
18.25397	42.61301	400
18.25409	42.61295	400
18.25415	42.61297	400
18.25421	42.61306	400
18.25423	42.61321	400
18.25414	42.61327	500
18.25419	42.61342	500
18.25423	42.61365	500
18.25427	42.61393	500
18.25431	42.61451	500
18.25432	42.61484	500
18.25433	42.61527	500
18.25430	42.61596	500
18.25427	42.61636	500
18.25421	42.61668	500
18.25412	42.61709	500
18.25406	42.61748	500
18.25401	42.61777	500
18.25398	42.61803	500
18.25395	42.61832	500
18.25391	42.61894	500
18.25390	42.61939	500
18.25389	42.61974	500
18.25388	42.62046	500
18.25388	42.62085	500
18.25387	42.62120	500
18.25385	42.62153	500
18.25381	42.62184	500
18.25377	42.62222	500
18.25366	42.62323	500
18.25359	42.62388	500
18.25344	42.62478	500
18.25340	42.62506	500
18.25338	42.62522	500
18.25335	42.62536	500
18.25334	42.62548	500
18.25331	42.62573	500
18.25328	42.62607	500
18.25327	42.62637	500
18.25326	42.62653	500
18.25323	42.62704	500
18.25320	42.62736	500
18.25317	42.62770	500
18.25313	42.62797	500
18.25307	42.62848	500
18.25298	42.62929	500
18.25290	42.63005	500
18.25285	42.63037	500
18.25275	42.63096	500
18.25268	42.63127	500
18.25254	42.63129	500
18.25234	42.63130	500
18.25226	42.63127	500
18.25221	42.63122	500
18.25216	42.63111	500
18.25215	42.63100	500
18.25215	42.63086	500
18.25215	42.63072	500
18.25216	42.63051	500
18.25219	42.63030	500
18.25222	42.63015	500
18.25227	42.62998	500
18.25235	42.62994	500
18.25238	42.62989	500
18.25242	42.62971	500
18.25247	42.62951	500
18.25252	42.62901	500
18.25258	42.62830	500
18.25264	42.62722	500
18.25268	42.62648	500
18.25271	42.62600	500
18.25275	42.62554	500
18.25279	42.62521	500
18.25288	42.62453	500
18.25308	42.62279	500
18.25314	42.62216	500
18.25324	42.62120	500
18.25333	42.62046	500
18.25340	42.61973	500
18.25342	42.61942	500
18.25346	42.61888	500
18.25346	42.61857	500
18.25347	42.61789	500
18.25347	42.61749	500
18.25348	42.61694	500
18.25349	42.61664	500
18.25350	42.61632	500
18.25354	42.61592	500
18.25355	42.61576	500
18.25360	42.61544	500
18.25372	42.61464	500
18.25379	42.61418	500
18.25390	42.61351	500
18.25394	42.61333	500
18.25402	42.61327	500
18.25414	42.61327	500
18.25371	42.61494	600
18.25379	42.61444	600
18.25390	42.61373	600
18.25395	42.61352	600
18.25399	42.61347	600
18.25408	42.61354	600
18.25416	42.61357	600
18.25420	42.61372	600
18.25425	42.61419	600
18.25427	42.61447	600
18.25428	42.61469	600
18.25429	42.61503	600
18.25428	42.61533	600
18.25428	42.61557	600
18.25427	42.61581	600
18.25424	42.61618	600
18.25420	42.61654	600
18.25414	42.61678	600
18.25404	42.61732	600
18.25400	42.61756	600
18.25394	42.61814	600
18.25390	42.61880	600
18.25389	42.61913	600
18.25388	42.61955	600
18.25387	42.61986	600
18.25386	42.62035	600
18.25385	42.62088	600
18.25383	42.62127	600
18.25379	42.62166	600
18.25373	42.62221	600
18.25368	42.62262	600
18.25360	42.62343	600
18.25357	42.62369	600
18.25348	42.62430	600
18.25339	42.62488	600
18.25332	42.62526	600
18.25330	42.62553	600
18.25327	42.62589	600
18.25322	42.62672	600
18.25318	42.62726	600
18.25309	42.62792	600
18.25300	42.62862	600
18.25295	42.62919	600
18.25288	42.62985	600
18.25284	42.63017	600
18.25280	42.63045	600
18.25273	42.63080	600
18.25267	42.63096	600
18.25262	42.63102	600
18.25258	42.63093	600
18.25254	42.63075	600
18.25251	42.63059	600
18.25249	42.63039	600
18.25248	42.63024	600
18.25251	42.62989	600
18.25256	42.62923	600
18.25261	42.62852	600
18.25267	42.62776	600
18.25272	42.62678	600
18.25276	42.62615	600
18.25281	42.62561	600
18.25288	42.62498	600
18.25302	42.62379	600
18.25307	42.62330	600
18.25318	42.62202	600
18.25325	42.62151	600
18.25333	42.62081	600
18.25340	42.62016	600
18.25345	42.61966	600
18.25348	42.61923	600
18.25349	42.61880	600
18.25349	42.61844	600
18.25350	42.61751	600
18.25350	42.61695	600
18.25351	42.61667	600
18.25353	42.61639	600
18.25355	42.61613	600
18.25358	42.61580	600
18.25371	42.61494	600
18.25371	42.61523	700
18.25376	42.61483	700
18.25384	42.61431	700
18.25388	42.61405	700
18.25393	42.61378	700
18.25396	42.61370	700
18.25401	42.61367	700
18.25404	42.61374	700
18.25410	42.61379	700
18.25415	42.61385	700
18.25418	42.61393	700
18.25422	42.61421	700
18.25424	42.61457	700
18.25425	42.61497	700
18.25425	42.61528	700
18.25424	42.61567	700
18.25423	42.61594	700
18.25420	42.61624	700
18.25416	42.61643	700
18.25410	42.61675	700
18.25405	42.61701	700
18.25400	42.61742	700
18.25397	42.61768	700
18.25392	42.61821	700
18.25388	42.61885	700
18.25386	42.61945	700
18.25385	42.61990	700
18.25384	42.62063	700
18.25382	42.62094	700
18.25381	42.62113	700
18.25376	42.62167	700
18.25373	42.62190	700
18.25370	42.62214	700
18.25367	42.62245	700
18.25363	42.62283	700
18.25360	42.62320	700
18.25350	42.62393	700
18.25344	42.62434	700
18.25339	42.62463	700
18.25333	42.62490	700
18.25332	42.62503	700
18.25329	42.62525	700
18.25326	42.62553	700
18.25324	42.62594	700
18.25322	42.62627	700
18.25320	42.62666	700
18.25316	42.62710	700
18.25311	42.62751	700
18.25302	42.62814	700
18.25295	42.62891	700
18.25291	42.62932	700
18.25287	42.62968	700
18.25282	42.63004	700
18.25277	42.63027	700
18.25273	42.63047	700
18.25269	42.63059	700
18.25266	42.63063	700
18.25262	42.63058	700
18.25260	42.63044	700
18.25259	42.63037	700
18.25258	42.63021	700
18.25258	42.63000	700
18.25258	42.62970	700
18.25259	42.62960	700
18.25260	42.62934	700
18.25263	42.62892	700
18.25266	42.62850	700
18.25271	42.62775	700
18.25279	42.62641	700
18.25281	42.62608	700
18.25287	42.62557	700
18.25294	42.62492	700
18.25298	42.62458	700
18.25304	42.62397	700
18.25307	42.62367	700
18.25311	42.62327	700
18.25316	42.62272	700
18.25321	42.62216	700
18.25324	42.62195	700
18.25332	42.62122	700
18.25337	42.62090	700
18.25341	42.62057	700
18.25343	42.62035	700
18.25346	42.62008	700
18.25349	42.61971	700
18.25350	42.61941	700
18.25352	42.61889	700
18.25352	42.61817	700
18.25352	42.61728	700
18.25353	42.61683	700
18.25354	42.61666	700
18.25356	42.61624	700
18.25358	42.61610	700
18.25362	42.61580	700
18.25371	42.61523	700
18.25370	42.61541	800
18.25374	42.61518	800
18.25377	42.61499	800
18.25382	42.61463	800
18.25386	42.61438	800
18.25391	42.61406	800
18.25394	42.61393	800
18.25397	42.61388	800
18.25405	42.61394	800
18.25409	42.61402	800
18.25413	42.61402	800
18.25415	42.61407	800
18.25419	42.61430	800
18.25420	42.61447	800
18.25422	42.61480	800
18.25423	42.61520	800
18.25422	42.61564	800
18.25421	42.61584	800
18.25417	42.61609	800
18.25412	42.61641	800
18.25405	42.61679	800
18.25401	42.61714	800
18.25397	42.61739	800
18.25396	42.61757	800
18.25393	42.61782	800
18.25390	42.61825	800
18.25388	42.61857	800
18.25387	42.61889	800
18.25385	42.61925	800
18.25384	42.61991	800
18.25382	42.62059	800
18.25380	42.62086	800
18.25377	42.62117	800
18.25375	42.62133	800
18.25368	42.62193	800
18.25365	42.62220	800
18.25363	42.62246	800
18.25359	42.62292	800
18.25355	42.62331	800
18.25353	42.62351	800
18.25347	42.62395	800
18.25341	42.62432	800
18.25335	42.62459	800
18.25330	42.62484	800
18.25328	42.62503	800
18.25325	42.62529	800
18.25323	42.62569	800
18.25321	42.62596	800
18.25318	42.62640	800
18.25316	42.62672	800
18.25314	42.62687	800
18.25311	42.62713	800
18.25308	42.62738	800
18.25303	42.62768	800
18.25301	42.62787	800
18.25298	42.62818	800
18.25295	42.62849	800
18.25292	42.62881	800
18.25289	42.62912	800
18.25286	42.62948	800
18.25283	42.62973	800
18.25275	42.63011	800
18.25270	42.63023	800
18.25266	42.63014	800
18.25265	42.63008	800
18.25265	42.63002	800
18.25264	42.62994	800
18.25264	42.62984	800
18.25264	42.62972	800
18.25264	42.62962	800
18.25264	42.62951	800
18.25264	42.62935	800
18.25265	42.62920	800
18.25266	42.62903	800
18.25267	42.62880	800
18.25270	42.62846	800
18.25273	42.62800	800
18.25278	42.62727	800
18.25280	42.62690	800
18.25284	42.62630	800
18.25291	42.62559	800
18.25298	42.62500	800
18.25303	42.62454	800
18.25313	42.62338	800
18.25319	42.62271	800
18.25323	42.62224	800
18.25327	42.62190	800
18.25337	42.62126	800
18.25346	42.62054	800
18.25351	42.61996	800
18.25353	42.61944	800
18.25354	42.61877	800
18.25354	42.61798	800
18.25354	42.61782	800
18.25354	42.61758	800
18.25354	42.61720	800
18.25355	42.61683	800
18.25357	42.61649	800
18.25358	42.61633	800
18.25363	42.61592	800
18.25368	42.61560	800
18.25370	42.61541	800
18.25372	42.61553	900
18.25377	42.61517	900
18.25382	42.61486	900
18.25388	42.61446	900
18.25392	42.61418	900
18.25395	42.61407	900
18.25399	42.61406	900
18.25405	42.61412	900
18.25408	42.61421	900
18.25413	42.61433	900
18.25415	42.61436	900
18.25418	42.61457	900
18.25420	42.61487	900
18.25420	42.61521	900
18.25419	42.61553	900
18.25418	42.61580	900
18.25415	42.61602	900
18.25409	42.61637	900
18.25404	42.61669	900
18.25401	42.61687	900
18.25398	42.61714	900
18.25395	42.61741	900
18.25392	42.61775	900
18.25389	42.61824	900
18.25386	42.61865	900
18.25384	42.61929	900
18.25381	42.62006	900
18.25379	42.62052	900
18.25377	42.62080	900
18.25375	42.62102	900
18.25371	42.62137	900
18.25363	42.62200	900
18.25362	42.62209	900
18.25361	42.62226	900
18.25359	42.62252	900
18.25357	42.62271	900
18.25355	42.62301	900
18.25353	42.62322	900
18.25348	42.62355	900
18.25345	42.62385	900
18.25340	42.62410	900
18.25336	42.62436	900
18.25331	42.62453	900
18.25328	42.62474	900
18.25326	42.62489	900
18.25324	42.62512	900
18.25321	42.62538	900
18.25319	42.62568	900
18.25317	42.62603	900
18.25316	42.62625	900
18.25313	42.62658	900
18.25310	42.62685	900
18.25306	42.62711	900
18.25301	42.62749	900
18.25298	42.62771	900
18.25295	42.62792	900
18.25293	42.62815	900
18.25292	42.62842	900
18.25288	42.62888	900
18.25285	42.62923	900
18.25283	42.62947	900
18.25279	42.62958	900
18.25277	42.62967	900
18.25274	42.62973	900
18.25272	42.62975	900
18.25270	42.62975	900
18.25270	42.62961	900
18.25270	42.62927	900
18.25271	42.62889	900
18.25274	42.62853	900
18.25278	42.62792	900
18.25285	42.62675	900
18.25288	42.62637	900
18.25302	42.62502	900
18.25304	42.62486	900
18.25316	42.62347	900
18.25321	42.62275	900
18.25323	42.62252	900
18.25327	42.62217	900
18.25331	42.62195	900
18.25339	42.62152	900
18.25344	42.62116	900
18.25346	42.62104	900
18.25348	42.62079	900
18.25352	42.62027	900
18.25355	42.61976	900
18.25356	42.61920	900
18.25356	42.61849	900
18.25355	42.61754	900
18.25357	42.61687	900
18.25359	42.61650	900
18.25362	42.61621	900
18.25365	42.61593	900
18.25371	42.61555	900
18.25372	42.61553	900
18.25280	42.62854	1000
18.25281	42.62858	1000
18.25281	42.62863	1000
18.25282	42.62866	1000
18.25283	42.62868	1000
18.25284	42.62869	1000
18.25284	42.62867	1000
18.25285	42.62861	1000
18.25285	42.62852	1000
18.25285	42.62849	1000
18.25285	42.62839	1000
18.25284	42.62829	1000
18.25284	42.62819	1000
18.25284	42.62816	1000
18.25283	42.62820	1000
18.25283	42.62826	1000
18.25282	42.62830	1000
18.25282	42.62834	1000
18.25281	42.62839	1000
18.25280	42.62841	1000
18.25280	42.62847	1000
18.25279	42.62853	1000
18.25280	42.62854	1000
18.25289	42.62765	1000
18.25294	42.62748	1000
18.25299	42.62716	1000
18.25302	42.62686	1000
18.25307	42.62653	1000
18.25312	42.62600	1000
18.25315	42.62561	1000
18.25318	42.62516	1000
18.25322	42.62483	1000
18.25327	42.62446	1000
18.25338	42.62402	1000
18.25345	42.62362	1000
18.25351	42.62310	1000
18.25354	42.62260	1000
18.25358	42.62194	1000
18.25359	42.62175	1000
18.25363	42.62149	1000
18.25367	42.62121	1000
18.25370	42.62106	1000
18.25373	42.62084	1000
18.25377	42.62048	1000
18.25380	42.61985	1000
18.25381	42.61953	1000
18.25383	42.61900	1000
18.25386	42.61847	1000
18.25392	42.61750	1000
18.25394	42.61720	1000
18.25398	42.61686	1000
18.25402	42.61658	1000
18.25406	42.61635	1000
18.25415	42.61574	1000
18.25416	42.61553	1000
18.25417	42.61533	1000
18.25417	42.61517	1000
18.25416	42.61499	1000
18.25416	42.61484	1000
18.25413	42.61455	1000
18.25412	42.61450	1000
18.25410	42.61447	1000
18.25409	42.61444	1000
18.25407	42.61438	1000
18.25405	42.61435	1000
18.25402	42.61428	1000
18.25401	42.61422	1000
18.25396	42.61423	1000
18.25393	42.61431	1000
18.25390	42.61454	1000
18.25386	42.61480	1000
18.25377	42.61536	1000
18.25373	42.61567	1000
18.25369	42.61592	1000
18.25364	42.61620	1000
18.25362	42.61646	1000
18.25360	42.61666	1000
18.25359	42.61685	1000
18.25358	42.61711	1000
18.25357	42.61767	1000
18.25358	42.61802	1000
18.25358	42.61829	1000
18.25358	42.61873	1000
18.25358	42.61931	1000
18.25358	42.61989	1000
18.25356	42.62033	1000
18.25355	42.62066	1000
18.25353	42.62093	1000
18.25352	42.62120	1000
18.25349	42.62145	1000
18.25346	42.62169	1000
18.25343	42.62182	1000
18.25338	42.62196	1000
18.25335	42.62206	1000
18.25331	42.62227	1000
18.25326	42.62252	1000
18.25324	42.62278	1000
18.25321	42.62307	1000
18.25319	42.62336	1000
18.25316	42.62386	1000
18.25314	42.62416	1000
18.25312	42.62454	1000
18.25311	42.62491	1000
18.25307	42.62523	1000
18.25305	42.62542	1000
18.25302	42.62561	1000
18.25298	42.62598	1000
18.25295	42.62625	1000
18.25292	42.62654	1000
18.25290	42.62674	1000
18.25289	42.62700	1000
18.25289	42.62726	1000
18.25289	42.62751	1000
18.25289	42.62759	1000
18.25289	42.62765	1000
18.25322	42.62368	1100
18.25324	42.62393	1100
18.25327	42.62412	1100
18.25328	42.62413	1100
18.25332	42.62400	1100
18.25337	42.62373	1100
18.25342	42.62349	1100
18.25345	42.62329	1100
18.25346	42.62319	1100
18.25348	42.62299	1100
18.25348	42.62291	1100
18.25348	42.62271	1100
18.25348	42.62252	1100
18.25347	42.62244	1100
18.25346	42.62237	1100
18.25344	42.62232	1100
18.25340	42.62234	1100
18.25335	42.62241	1100
18.25332	42.62252	1100
18.25329	42.62271	1100
18.25327	42.62284	1100
18.25325	42.62297	1100
18.25324	42.62311	1100
18.25323	42.62324	1100
18.25322	42.62336	1100
18.25322	42.62366	1100
18.25322	42.62368	1100
18.25331	42.62321	1200
18.25331	42.62309	1200
18.25332	42.62296	1200
18.25334	42.62291	1200
18.25338	42.62293	1200
18.25340	42.62300	1200
18.25340	42.62308	1200
18.25340	42.62313	1200
18.25338	42.62319	1200
18.25336	42.62329	1200
18.25335	42.62336	1200
18.25334	42.62346	1200
18.25333	42.62346	1200
18.25332	42.62342	1200
18.25331	42.62334	1200
18.25331	42.62326	1200
18.25331	42.62321	1200
18.25361	42.61986	1100
18.25361	42.62020	1100
18.25363	42.62062	1100
18.25365	42.62069	1100
18.25369	42.62070	1100
18.25373	42.62054	1100
18.25376	42.62028	1100
18.25377	42.62005	1100
18.25379	42.61970	1100
18.25381	42.61925	1100
18.25383	42.61876	1100
18.25387	42.61802	1100
18.25391	42.61750	1100
18.25394	42.61698	1100
18.25403	42.61622	1100
18.25410	42.61583	1100
18.25412	42.61559	1100
18.25413	42.61528	1100
18.25414	42.61518	1100
18.25413	42.61499	1100
18.25408	42.61474	1100
18.25404	42.61450	1100
18.25399	42.61444	1100
18.25395	42.61444	1100
18.25391	42.61461	1100
18.25386	42.61498	1100
18.25383	42.61533	1100
18.25378	42.61551	1100
18.25373	42.61579	1100
18.25370	42.61594	1100
18.25368	42.61615	1100
18.25366	42.61631	1100
18.25362	42.61662	1100
18.25360	42.61696	1100
18.25359	42.61720	1100
18.25359	42.61776	1100
18.25360	42.61811	1100
18.25360	42.61868	1100
18.25360	42.61945	1100
18.25361	42.61986	1100
18.25370	42.61615	1200
18.25374	42.61592	1200
18.25377	42.61577	1200
18.25379	42.61561	1200
18.25382	42.61549	1200
18.25384	42.61532	1200
18.25386	42.61525	1200
18.25388	42.61510	1200
18.25390	42.61497	1200
18.25392	42.61480	1200
18.25395	42.61466	1200
18.25397	42.61462	1200
18.25402	42.61467	1200
18.25404	42.61482	1200
18.25407	42.61496	1200
18.25407	42.61509	1200
18.25408	42.61525	1200
18.25407	42.61553	1200
18.25404	42.61592	1200
18.25402	42.61606	1200
18.25398	42.61630	1200
18.25395	42.61663	1200
18.25391	42.61702	1200
18.25388	42.61747	1200
18.25386	42.61791	1200
18.25382	42.61859	1200
18.25380	42.61888	1200
18.25378	42.61939	1200
18.25376	42.61984	1200
18.25374	42.62001	1200
18.25372	42.62013	1200
18.25371	42.62023	1200
18.25369	42.62025	1200
18.25368	42.62018	1200
18.25366	42.62008	1200
18.25364	42.61999	1200
18.25364	42.61983	1200
18.25363	42.61931	1200
18.25362	42.61867	1200
18.25361	42.61811	1200
18.25361	42.61772	1200
18.25361	42.61740	1200
18.25362	42.61699	1200
18.25363	42.61675	1200
18.25365	42.61657	1200
18.25366	42.61641	1200
18.25369	42.61619	1200
18.25370	42.61615	1200
18.25390	42.61520	1300
18.25392	42.61505	1300
18.25394	42.61495	1300
18.25398	42.61493	1300
18.25401	42.61500	1300
18.25403	42.61512	1300
18.25404	42.61519	1300
18.25403	42.61547	1300
18.25402	42.61579	1300
18.25399	42.61598	1300
18.25396	42.61619	1300
18.25394	42.61638	1300
18.25391	42.61681	1300
18.25389	42.61708	1300
18.25388	42.61730	1300
18.25385	42.61768	1300
18.25382	42.61823	1300
18.25379	42.61879	1300
18.25378	42.61900	1300
18.25377	42.61927	1300
18.25376	42.61943	1300
18.25373	42.61960	1300
18.25372	42.61972	1300
18.25371	42.61981	1300
18.25370	42.61983	1300
18.25370	42.61981	1300
18.25368	42.61966	1300
18.25366	42.61937	1300
18.25366	42.61916	1300
18.25365	42.61894	1300
18.25364	42.61864	1300
18.25363	42.61814	1300
18.25363	42.61786	1300
18.25363	42.61770	1300
18.25362	42.61755	1300
18.25363	42.61744	1300
18.25363	42.61719	1300
18.25363	42.61706	1300
18.25364	42.61690	1300
18.25366	42.61665	1300
18.25369	42.61641	1300
18.25372	42.61620	1300
18.25375	42.61606	1300
18.25380	42.61582	1300
18.25382	42.61575	1300
18.25385	42.61557	1300
18.25387	42.61545	1300
18.25390	42.61520	1300
18.25383	42.61603	1400
18.25385	42.61592	1400
18.25388	42.61579	1400
18.25389	42.61574	1400
18.25391	42.61560	1400
18.25392	42.61549	1400
18.25394	42.61535	1400
18.25394	42.61533	1400
18.25395	42.61527	1400
18.25395	42.61528	1400
18.25396	42.61538	1400
18.25396	42.61544	1400
18.25396	42.61556	1400
18.25396	42.61569	1400
18.25396	42.61579	1400
18.25395	42.61584	1400
18.25394	42.61592	1400
18.25391	42.61621	1400
18.25389	42.61641	1400
18.25388	42.61668	1400
18.25388	42.61679	1400
18.25387	42.61697	1400
18.25386	42.61713	1400
18.25385	42.61731	1400
18.25384	42.61763	1400
18.25382	42.61804	1400
18.25379	42.61841	1400
18.25377	42.61876	1400
18.25375	42.61903	1400
18.25373	42.61915	1400
18.25371	42.61931	1400
18.25371	42.61938	1400
18.25370	42.61936	1400
18.25370	42.61928	1400
18.25369	42.61913	1400
18.25368	42.61892	1400
18.25368	42.61879	1400
18.25367	42.61865	1400
18.25366	42.61844	1400
18.25366	42.61829	1400
18.25365	42.61818	1400
18.25365	42.61793	1400
18.25364	42.61777	1400
18.25364	42.61746	1400
18.25365	42.61729	1400
18.25365	42.61700	1400
18.25366	42.61684	1400
18.25369	42.61663	1400
18.25370	42.61648	1400
18.25374	42.61626	1400
18.25378	42.61619	1400
18.25383	42.61603	1400
18.25367	42.61769	1500
18.25367	42.61735	1500
18.25367	42.61714	1500
18.25368	42.61698	1500
18.25370	42.61675	1500
18.25372	42.61658	1500
18.25375	42.61645	1500
18.25377	42.61635	1500
18.25379	42.61634	1500
18.25381	42.61633	1500
18.25383	42.61633	1500
18.25384	42.61646	1500
18.25384	42.61656	1500
18.25384	42.61669	1500
18.25384	42.61695	1500
18.25384	42.61727	1500
18.25383	42.61752	1500
18.25381	42.61790	1500
18.25380	42.61802	1500
18.25379	42.61818	1500
18.25378	42.61836	1500
18.25376	42.61851	1500
18.25375	42.61874	1500
18.25374	42.61877	1500
18.25373	42.61878	1500
18.25372	42.61878	1500
18.25371	42.61876	1500
18.25370	42.61869	1500
18.25369	42.61858	1500
18.25368	42.61832	1500
18.25367	42.61806	1500
18.25367	42.61786	1500
18.25367	42.61769	1500
18.25370	42.61811	1600
18.25369	42.61785	1600
18.25369	42.61766	1600
18.25369	42.61756	1600
18.25369	42.61743	1600
18.25369	42.61725	1600
18.25370	42.61705	1600
18.25371	42.61694	1600
18.25373	42.61683	1600
18.25374	42.61679	1600
18.25376	42.61672	1600
18.25378	42.61674	1600
18.25379	42.61682	1600
18.25380	42.61690	1600
18.25381	42.61701	1600
18.25381	42.61713	1600
18.25381	42.61732	1600
18.25380	42.61750	1600
18.25379	42.61773	1600
18.25378	42.61790	1600
18.25377	42.61806	1600
18.25376	42.61819	1600
18.25376	42.61826	1600
18.25374	42.61833	1600
18.25373	42.61835	1600
18.25372	42.61830	1600
18.25371	42.61822	1600
18.25370	42.61811	1600
18.25374	42.61760	1700
18.25375	42.61728	1700
18.25376	42.61718	1700
18.25376	42.61711	1700
18.25377	42.61714	1700
18.25376	42.61725	1700
18.25376	42.61740	1700
18.25376	42.61752	1700
18.25376	42.61761	1700
18.25376	42.61764	1700
18.25376	42.61764	1700
18.25375	42.61764	1700
18.25374	42.61760	1700
